3453.744 -0.2488889 0.25998858 0.82996804 0.07351828
3460.777 -0.03967994 0.07897339 0.85467833 0.07996776
3467.8105 0.10716432 0.2557688 0.7393085 0.087014556
3474.844 0.11373667 0.30794063 0.765955 0.08292972
3481.8772 0.22569764 0.37436935 0.7942767 0.09114606
3488.9106 -0.14371511 -0.023591174 0.8691598 0.07818892
3495.944 -0.43461096 -0.06231633 0.8751879 0.06281057
3502.9773 0.049297836 0.19929317 0.8726587 0.085924424
3510.0107 -0.16405845 0.053546906 0.8655114 0.07364467
3517.044 -0.068771504 0.19032858 0.9139382 0.0817824
3524.0774 0.18698557 0.2879011 0.7748771 0.09162969
3531.1108 -0.14648981 0.21025886 0.8864117 0.0847086
3538.144 -0.12540847 0.007964438 0.98926264 0.08098019
3545.1775 0.08225531 0.23141046 0.997495 0.09070318
3552.211 -0.00092835905 0.17672111 1.0309402 0.095475726
3559.2441 0.27825615 0.43194634 1.0640378 0.102170646
3566.2776 -0.25468403 0.032969177 1.0429604 0.07919757
3573.3108 -0.04078387 0.054819632 0.965008 0.084412985
3580.3442 -0.0068396507 0.17085187 1.09829 0.09370075
3587.3777 0.10272658 0.2719125 1.1192373 0.09528337
3594.411 0.094235316 0.31866494 1.0679368 0.09387462
3601.4443 0.08176834 0.19221579 1.0886645 0.0970805
3608.4775 0.120356575 0.21222726 1.0553728 0.0938872
3615.511 0.6595115 0.6304476 1.0995389 0.11741757
3622.5444 0.36720803 0.39846292 1.2268442 0.10987118
3629.5776 0.20998727 0.2476311 1.2339742 0.10508125
3636.611 0.29426757 0.36922812 1.3574148 0.11043589
3643.6445 0.3729329 0.3606542 1.331749 0.112537056
3650.6777 0.0984319 0.20549314 1.3312058 0.10378347
3657.7112 0.5311765 0.67003626 1.3964671 0.12013814
3664.7444 0.72012734 0.7686611 1.3451971 0.1259251
3671.7778 0.51331925 0.49524656 1.6420552 0.12697597
3678.8113 0.7606735 0.829458 1.5031866 0.12967601
3685.8445 0.5055838 0.584155 1.5484475 0.120732464
3692.878 0.8329102 1.0518277 1.3546368 0.12535968
3699.9114 0.9687878 1.1044302 1.4463876 0.13130589
3706.9446 0.6184533 0.7798559 1.4884988 0.12400986
3713.978 0.36964336 0.5404937 1.6131768 0.122372024
3721.0112 0.61368525 0.87773764 1.5989537 0.12623541
3728.0447 0.93122494 0.99278194 1.6999104 0.13782509
3735.0781 0.2848227 0.66248757 1.764984 0.11699292
3742.1113 0.45969617 0.6579916 1.6005356 0.1200637
3749.1448 0.76966774 0.93824935 1.7382437 0.13474062
3756.178 0.84776235 0.8792381 1.8668103 0.1400823
3763.2114 1.1839379 1.2090267 1.7850325 0.1456591
3770.2449 0.82712394 0.92113084 1.963854 0.14107616
3777.278 0.8894483 0.8951535 1.907827 0.14275973
3784.3115 1.1486354 1.1420394 1.8110921 0.14640988
3791.345 0.72876847 0.79936886 1.89633 0.13696487
3798.3782 0.51668537 0.60328865 1.8841851 0.13066016
3805.4116 1.0394381 1.0747997 1.8014103 0.14328802
3812.4448 0.9957146 0.89031553 1.8465981 0.14630388
3819.4783 1.0085512 0.99967796 1.7392353 0.14143457
3826.5117 1.0574753 1.1153493 1.7260027 0.14160052
3833.545 1.4736917 1.4819186 1.6129518 0.15040123
3840.5784 0.92776555 1.1815089 1.805636 0.13866456
3847.6118 0.87163824 1.06896 1.9084779 0.14106943
3854.645 1.1078157 1.1695935 1.9304422 0.1471941
3861.6785 1.2427552 1.2807741 2.005672 0.15231232
3868.7117 1.2803236 1.3192252 1.939091 0.15381405
3875.745 1.4709283 1.4302267 1.76654 0.15355307
3882.7786 0.9024708 1.0186658 1.8818104 0.14251822
3889.8118 1.2561821 1.2950034 1.8117394 0.15083133
3896.8452 1.331551 1.3566462 1.896009 0.15428083
3903.8784 1.2251004 1.1683826 1.9553047 0.15279798
3910.9119 1.4828613 1.4194976 1.8028626 0.15529744
3917.9453 1.3337909 1.3185152 1.6190732 0.14831378
3924.9785 1.4742949 1.4774232 1.7036004 0.15164897
3932.012 1.5873512 1.5962119 1.9362074 0.15999737
3939.0454 0.9876844 0.9718474 2.0007045 0.14660908
3946.0786 1.2959081 1.3178957 1.8960203 0.15042844
3953.112 1.9406903 1.8608141 1.8982911 0.16765878
3960.1453 1.5893492 1.6704721 2.017773 0.16066094
3967.1787 1.3413212 1.3388371 2.1043532 0.15795054
3974.2122 1.670286 1.5836104 2.0194423 0.16498001
3981.2454 1.5311059 1.5593112 1.9964246 0.15875208
3988.2788 1.7425507 1.7248211 2.0968797 0.1658597
3995.3123 1.7941147 1.7318254 2.1097305 0.16942807
4002.3455 1.9992224 2.0029073 2.1896708 0.17355488
4009.379 1.623506 1.5656537 2.0378003 0.16217963
4016.412 1.836205 1.890026 2.1588664 0.16978233
4023.4456 2.2466857 2.115125 2.1529756 0.17771791
4030.479 1.864926 1.950636 2.2398748 0.17030518
4037.5122 1.9213755 2.00311 2.1423173 0.17098017
4044.5457 1.709605 1.6891236 2.1204934 0.16576967
4051.5789 2.1963797 2.1869946 1.8720733 0.17095278
4058.6123 2.1528826 2.0196276 1.8845618 0.17205189
4065.6458 2.2711768 2.162495 2.0529416 0.17655717
4072.679 2.452123 2.4491932 2.067409 0.1812532
4079.7124 1.894966 2.134707 2.076346 0.16749041
4086.7458 1.8504308 1.9307418 2.186998 0.16980788
4093.779 2.458384 2.4823573 2.2039914 0.18358582
4100.8125 2.3408823 2.3357286 2.0168405 0.17692891
4107.8457 2.0311935 2.0297775 2.1019871 0.17145197
4114.8794 1.8514369 1.94157 2.2731125 0.16962418
4121.9126 2.3135445 2.3582525 2.5505319 0.18541282
4128.946 2.5246832 2.4348235 2.4372642 0.18887502
4135.979 2.6820073 2.57512 2.3685982 0.1910412
4143.0127 2.8894486 2.7930372 2.2203305 0.19104064
4150.046 2.437616 2.3804324 2.1797807 0.18323475
4157.079 2.838884 2.8144 2.136014 0.1889154
4164.113 2.5220573 2.5017922 2.2300498 0.18491
4171.146 3.311293 3.225763 2.138771 0.19797777
4178.179 3.3136213 3.2843955 2.072222 0.19716418
4185.213 2.9352229 2.8979862 2.0985096 0.18919572
4192.246 2.9746091 2.9677172 2.1101482 0.1907685
4199.2793 2.9031827 2.7415063 2.1551754 0.19176137
4206.313 3.0501344 2.9829166 2.1328318 0.19361715
4213.346 2.995208 2.8982198 2.2729778 0.19389516
4220.3794 3.120315 3.06562 2.234749 0.19472107
4227.4126 3.4594398 3.3796933 2.1738281 0.20149228
4234.4463 3.2137434 3.1536071 2.2086864 0.1963439
4241.4795 3.464202 3.308365 2.3007512 0.20324121
4248.5127 3.5929937 3.5325162 2.2673254 0.20479608
4255.5464 3.8539972 3.7690952 2.3053744 0.20993552
4262.5796 3.789275 3.7674534 2.2265031 0.20972237
4269.613 4.0793023 3.9987202 2.2952404 0.21365654
4276.6465 4.300118 4.1172805 2.4380474 0.22093649
4283.6797 4.226879 4.123074 2.3783991 0.21689424
4290.713 4.478641 4.4014416 2.3196642 0.22032641
4297.7466 3.8440044 3.7832925 2.2918255 0.20909555
4304.78 3.7338192 3.5800338 2.416034 0.20970574
4311.813 3.872428 3.7358248 2.4809067 0.21308237
4318.8467 3.8376107 3.688569 2.3943992 0.21074711
4325.88 3.55607 3.439337 2.268103 0.20454176
4332.913 3.9073884 3.7970333 2.3955972 0.21194296
4339.9463 3.6264036 3.5081308 2.446981 0.20803869
4346.98 3.4750564 3.3835413 2.454176 0.2056401
4354.013 3.7608507 3.6241715 2.6263008 0.21387063
4361.0464 3.6096468 3.51729 2.7326396 0.21211365
4368.08 3.4209921 3.354441 3.0010889 0.21188715
4375.1133 3.138161 3.0777705 2.9907043 0.20707214
4382.1465 2.8584337 2.8282435 2.9873154 0.20241088
4389.18 3.088136 2.9813383 2.9886744 0.20754142
4396.2134 3.3432221 3.25322 2.9505095 0.21111277
4403.2466 3.8680232 3.7703831 2.7733884 0.21652244
4410.2803 3.0561244 2.9200249 2.76572 0.20267445
4417.3135 3.3243039 3.2906663 2.716344 0.20676556
4424.3467 3.6318538 3.5931957 2.7192664 0.21257375
4431.38 2.966148 2.804596 2.8567915 0.202621
4438.4136 3.5257437 3.3604205 2.8116302 0.21174511
4445.447 3.5303152 3.3653874 2.7015655 0.21032694
4452.48 3.188757 3.1519105 2.8956628 0.20613897
4459.5137 2.9500988 2.8835578 3.0011692 0.20461826
4466.547 3.589196 3.6268978 2.8975852 0.21303244
4473.58 3.2526066 3.116592 2.8980033 0.20834447
4480.614 2.816761 2.7452304 3.056347 0.20296669
4487.647 3.3356433 3.266883 2.924821 0.20874532
4494.68 3.7995641 3.662693 3.0264633 0.21908939
4501.714 3.50393 3.4402518 3.0701697 0.21383658
4508.747 3.4539132 3.4596999 3.0073733 0.2126719
4515.7803 3.7225847 3.605951 2.9652104 0.21569072
4522.8135 3.4192383 3.5045784 2.8925502 0.20952944
4529.847 3.6793945 3.531602 2.9665425 0.21677825
4536.8804 3.7005076 3.5728314 2.944177 0.21618842
4543.9136 3.6603696 3.6605055 2.9080513 0.21409284
4550.9473 3.2428722 3.0867429 2.9129593 0.2091335
4557.9805 3.6229682 3.5331366 2.921147 0.21439534
4565.0137 3.5911105 3.5150099 2.9683707 0.2148004
4572.0474 3.3404295 3.3578 2.8996825 0.20997496
4579.0806 3.498899 3.455937 2.994672 0.21337396
4586.114 3.3006287 3.18483 2.9820087 0.20928858
4593.1475 4.022626 3.9141955 2.7478778 0.2182352
4600.1807 3.8367436 3.6467016 2.8707209 0.2180831
4607.214 3.5045042 3.449138 2.7191243 0.2078427
4614.2476 3.5847824 3.560825 3.0474925 0.21457797
4621.281 3.8313727 3.6405232 3.0351355 0.21966563
4628.314 3.8323052 3.8141906 2.9398203 0.21833734
4635.347 3.653742 3.7196167 3.0791693 0.21671866
4642.381 3.524407 3.455579 3.027002 0.21383628
4649.414 3.759614 3.6463144 3.0160363 0.21811634
4656.4473 3.4789448 3.4585285 2.900015 0.21138138
4663.481 3.684841 3.613916 2.9428604 0.2153185
4670.514 3.8583107 3.7523725 2.9886425 0.21873237
4677.5474 3.5146139 3.479535 2.9454918 0.21222518
4684.581 3.98567 3.9893847 2.8750868 0.2187331
4691.6143 4.2116175 4.1355615 2.713318 0.22096978
4698.6475 3.6579137 3.5216186 2.9960337 0.21631151
4705.681 3.8397055 3.641526 2.9121962 0.21938898
4712.7144 4.050558 3.892059 2.936079 0.2211637
4719.7476 3.6443045 3.539673 2.8851225 0.21421966
4726.781 4.0019274 3.9820979 2.7251048 0.21614562
4733.8145 3.6320693 3.6475086 2.8892999 0.21290174
4740.8477 3.8446207 3.736512 2.8787591 0.21730182
4747.881 3.5295827 3.4150703 2.8588881 0.21282808
4754.9146 3.917934 3.827592 2.9802475 0.22000897
4761.9478 3.8535168 3.7910974 2.9209528 0.21899198
4768.981 3.7481594 3.6902757 2.9605956 0.21813767
4776.0146 4.136462 4.0815616 3.056621 0.22293675
4783.048 3.5810733 3.5041738 3.0876956 0.21501128
4790.081 4.2118726 4.0320015 3.0548885 0.2252082
4797.1147 3.977798 3.8498821 3.06679 0.22239158
4804.148 3.9506633 3.7493467 3.0290089 0.22207329
4811.181 3.8209536 3.6690383 2.8586717 0.21577035
4818.2144 3.8892806 3.8084202 2.9133084 0.21736392
4825.248 3.7895315 3.6397295 2.834953 0.21595478
4832.2812 3.7329276 3.5941489 2.9350128 0.21694139
4839.3145 3.6544766 3.525918 2.9291496 0.21358018
4846.348 3.9045868 3.8327649 2.9227061 0.21833779
4853.3813 3.8859305 3.7731786 3.0045094 0.21918201
4860.4146 3.6999748 3.7266428 2.941869 0.21312614
4867.448 3.6401901 3.6172702 2.8500986 0.2121655
4874.4814 3.9590893 3.888975 2.871308 0.21800286
4881.5146 3.9525914 3.9131641 2.8311758 0.21672893
4888.5483 3.8235278 3.7454448 2.9283934 0.21645695
4895.5815 4.078079 4.042806 2.813788 0.2190734
4902.6147 4.0137444 3.8659642 2.8706875 0.21958926
4909.6484 3.8558986 3.9367254 2.8998764 0.21551089
4916.6816 4.006178 3.9942255 2.9336107 0.21866396
4923.715 3.664854 3.6981866 2.9352999 0.21451557
4930.748 3.7770917 3.727826 2.9423077 0.21597038
4937.7817 3.68105 3.641145 2.9961007 0.21556371
4944.815 4.0673814 3.9844706 2.9165936 0.22055395
4951.848 3.9888747 3.9605875 2.9410343 0.22108114
4958.882 4.221466 4.0777736 2.923157 0.22344212
4965.915 3.6867342 3.5384755 2.8670723 0.21469752
4972.948 3.9748616 3.9243004 2.8182347 0.21679054
4979.982 3.99641 3.9280696 2.890141 0.21861644
4987.015 4.1174765 4.015887 2.8746424 0.22086689
4994.0483 4.057687 4.0065365 2.7251132 0.21714634
5001.082 3.6964006 3.5747006 2.836093 0.21303442
5008.115 3.7803156 3.773228 2.8211656 0.21353215
5015.1484 3.9636784 4.0539465 2.776023 0.21576597
5022.1816 4.0809183 4.067214 2.8317108 0.21890597
5029.2153 4.265455 4.2128277 2.7620115 0.22095458
5036.2485 4.180737 4.068997 2.6905608 0.21855856
5043.2817 3.9969516 3.9605076 2.7696755 0.21658646
5050.3154 4.092806 4.004102 2.821967 0.21901982
5057.3486 4.149013 4.016647 2.745021 0.21939684
5064.382 4.23209 4.1626787 2.757698 0.22045343
5071.4155 4.324156 4.3783336 2.798886 0.22134456
5078.4487 4.13476 4.0978065 2.7670386 0.22008832
5085.482 4.0242887 3.972852 2.7765841 0.21737666
5092.5156 4.0432854 4.0126476 2.8533366 0.21876831
5099.549 4.290119 4.2570615 2.8357565 0.22185132
5106.582 3.7676778 3.7010047 2.8616328 0.21448861
5113.6157 4.5045047 4.4771423 2.7659287 0.22450341
5120.649 4.1702576 4.021187 2.647623 0.21934375
5127.682 4.5048666 4.4068384 2.6868522 0.22299889
5134.7153 4.6276402 4.6136847 2.6586473 0.22494741
5141.749 5.160893 5.123105 2.799902 0.23559628
5148.782 4.315564 4.274671 3.1116717 0.22735962
5155.8154 4.6852417 4.6047325 3.139859 0.23331696
5162.849 4.5170603 4.3816104 2.9879076 0.22870211
5169.8823 4.5623903 4.5838866 2.8746276 0.22656775
5176.9155 4.19892 4.107658 2.9649663 0.22312339
5183.949 4.331057 4.2407074 2.8914597 0.2251377
5190.9824 5.1062593 5.0646906 2.7860894 0.23346393
5198.0156 4.7138705 4.5710907 2.9584155 0.23211965
5205.0493 4.468625 4.327109 2.9303668 0.2271522
5212.0825 4.6909037 4.616031 2.7695475 0.22694291
5219.1157 4.2259746 4.144759 2.8251228 0.22066347
5226.149 4.8420305 4.7604804 2.7735934 0.22989306
5233.1826 4.798112 4.738966 2.7962043 0.22945732
5240.216 4.488329 4.4815693 2.828524 0.22511376
5247.249 4.6244974 4.5218654 2.806496 0.22787058
5254.2827 4.470111 4.326468 2.913239 0.22758436
5261.316 4.663235 4.5712857 2.9654305 0.23123273
5268.349 4.4176188 4.2324243 2.9265826 0.22666852
5275.383 4.4899116 4.322798 2.8937712 0.22703168
5282.416 4.191647 4.120421 2.8559964 0.220537
5289.449 4.4458256 4.3000817 2.8923879 0.22549991
5296.483 4.7127237 4.7471333 2.881335 0.22956674
5303.516 4.9725 4.971078 2.9037735 0.23335536
5310.5493 4.718776 4.7398477 2.960597 0.23006664
5317.5825 4.687197 4.7642927 2.7712102 0.22723916
5324.616 4.989124 4.947721 2.791269 0.2320961
5331.6494 4.937126 4.838731 2.8950186 0.2323362
5338.6826 4.7737155 4.7190037 2.8511078 0.23031694
5345.7163 4.893991 4.777418 2.8792207 0.23170418
5352.7495 4.7240386 4.665472 2.6922436 0.22724853
5359.7827 5.0387306 4.9244256 2.7611814 0.23347387
5366.8164 5.1424956 5.040266 2.7930086 0.23579937
5373.8496 4.701872 4.6653223 2.795145 0.2276191
5380.883 4.994111 4.890771 2.8573809 0.2329525
5387.9165 4.270323 4.132881 2.9137933 0.22277136
5394.9497 4.951007 4.891279 2.7999456 0.23163411
5401.983 4.3482175 4.3435125 2.9813962 0.22537911
5409.0166 4.5915747 4.544349 2.9263222 0.22735958
5416.05 4.7822247 4.8194804 2.8180552 0.23014705
5423.083 4.7760105 4.682848 2.8166366 0.23046824
5430.116 4.9782467 5.00877 2.7701418 0.23138686
5437.15 5.001544 4.8756747 2.796871 0.23250891
5444.183 4.8477764 4.65713 2.8550658 0.23168992
5451.2163 4.756799 4.667219 3.0045006 0.23162588
5458.25 4.8819604 4.853066 2.9402118 0.23210944
5465.283 5.1519613 5.083495 2.9880624 0.23763719
5472.3164 5.290617 5.163067 2.8449636 0.23769757
5479.35 4.4190917 4.391515 2.879564 0.22341163
5486.3833 5.117476 5.0000095 2.8696933 0.23564139
5493.4165 4.929854 4.8515043 3.3215861 0.23823756
5500.45 5.1222258 5.091695 3.164709 0.23948044
5507.4834 4.8189225 4.687276 3.100466 0.2324579
5514.5166 4.917852 4.8570538 2.668396 0.23354036
5521.55 4.639369 4.5698476 9.674966 0.2923254
5528.5835 5.0707364 4.8587747 35.845123 0.494118
5535.6167 5.549113 5.27775 30.047102 0.45752206
5542.65 5.3086863 5.080516 8.919445 0.30492705
5549.6836 5.1127157 4.9896774 2.8001466 0.2346446
5556.717 5.4074664 5.216274 3.3125594 0.24651977
5563.75 5.1357 5.075645 3.0589418 0.23766758
5570.7837 4.8823276 4.747326 3.19132 0.23623328
5577.817 4.691392 4.678106 3.1679494 0.23221125
5584.85 5.2464795 5.166652 3.1106756 0.23991229
5591.884 5.476815 5.3419914 3.0363667 0.24314417
5598.917 5.179338 5.1634064 3.0933838 0.23780556
5605.95 4.982041 4.869359 3.000921 0.2345679
5612.9834 5.091052 5.066694 3.0946488 0.23696177
5620.017 4.937502 4.777159 3.1372075 0.23735355
5627.0503 4.5439677 4.505535 3.229191 0.23095624
5634.0835 5.07575 5.020104 3.124938 0.23701535
5641.117 5.031171 4.9158306 3.2360518 0.23846485
5648.1504 5.5464773 5.4392576 3.258255 0.24667852
5655.1836 5.3379965 5.230475 3.1814587 0.24300209
5662.2173 4.883992 4.6937304 3.169724 0.2367797
5669.2505 4.9235187 4.8281636 3.2116344 0.23615634
5676.2837 5.244908 5.236428 3.2460196 0.24098375
5683.3174 4.760036 4.8188677 3.201835 0.23442681
5690.3506 4.8765736 4.7413864 3.211385 0.2363913
5697.384 5.140417 5.0242662 3.231696 0.24004374
5704.4175 5.0844193 4.948289 3.1240265 0.23817831
5711.4507 5.212817 5.097584 3.0855262 0.2387207
5718.484 4.838325 4.799248 3.0938954 0.23304817
5725.517 4.999521 5.0360065 3.0667784 0.23470178
5732.551 4.547278 4.437401 3.0349932 0.22939399
5739.584 4.8491664 4.7659607 3.0246928 0.23417512
5746.617 4.9151807 4.7991114 3.0018587 0.23358794
5753.651 5.0534015 4.9582853 3.0492253 0.23597607
5760.684 4.818339 4.7450323 3.0301867 0.23206808
5767.7173 4.67131 4.550436 3.1673968 0.23230034
5774.751 5.016816 4.901018 3.0783842 0.23616491
5781.784 4.896953 4.776765 3.12051 0.234566
5788.8174 4.8698077 4.7066994 3.231147 0.23627745
5795.851 4.956439 4.8750396 3.163349 0.23628256
5802.8843 5.470289 5.452973 3.065942 0.2427791
5809.9175 5.0284996 4.9481664 3.2175891 0.23833929
5816.9507 5.225682 5.0171113 3.893396 0.24976555
5823.9844 5.6584783 5.582992 3.8848631 0.25502467
5831.0176 4.9618597 5.00178 4.349948 0.25031924
5838.051 5.048242 4.873689 8.401493 0.29344264
5845.0845 5.698478 5.5703616 13.638185 0.34726873
5852.1177 5.557822 5.506306 11.681164 0.32825598
5859.151 5.245574 5.069384 5.420284 0.26742747
5866.1846 4.589861 4.601305 3.9422612 0.23843801
5873.218 4.948265 4.9269447 4.101157 0.24758469
5880.251 5.0544453 5.110813 3.987296 0.24747312
5887.2847 5.0673366 5.0336275 4.2299643 0.25016075
5894.318 4.715884 4.648901 3.9325752 0.24171577
5901.351 4.613353 4.5075717 3.7342696 0.23758933
5908.385 5.0842185 4.894345 4.023871 0.24925475
5915.418 5.1365476 5.1134076 3.7175472 0.24493629
5922.451 5.078496 5.033935 3.5706804 0.24197848
5929.4844 4.6651707 4.5638924 3.7892709 0.23999365
5936.518 4.7766976 4.7014065 3.6522548 0.23986262
5943.5513 4.831336 4.7243066 3.4205372 0.23765203
5950.5845 5.158203 5.0264053 3.4039834 0.24225797
5957.618 4.784963 4.853077 3.35299 0.2342337
5964.6514 4.366336 4.3346305 3.2983217 0.22831197
5971.6846 4.548379 4.611402 3.0152512 0.22734411
5978.7183 4.7884607 4.726411 3.132226 0.23280707
5985.7515 4.420467 4.426093 3.1748056 0.22821186
5992.7847 4.6585417 4.74433 3.009008 0.22811696
5999.8184 4.9872346 4.8192687 2.9503908 0.2346896
6006.8516 4.5308685 4.6272936 2.8864307 0.22529024
6013.885 4.993618 4.9149914 3.0420504 0.23505141
6020.918 4.9174204 4.840705 2.9888842 0.23299807
6027.9517 5.002368 4.9249845 2.8455257 0.23310982
6034.985 4.2414637 4.1531253 2.7654722 0.21928355
6042.018 4.8181233 4.827397 2.8674002 0.22976927
6049.052 5.162925 5.151119 2.9060934 0.23516244
6056.085 4.572647 4.7126417 2.9092343 0.2251278
6063.118 4.2617893 4.3645883 2.9492724 0.221228
6070.152 4.937958 4.876127 2.7810068 0.23119907
6077.185 4.8873363 4.7795625 2.6872437 0.22873405
6084.2183 4.842616 4.8209286 2.8026657 0.22962534
6091.252 4.6559405 4.5747943 3.1279068 0.23106185
6098.285 4.910466 4.921988 3.1542358 0.23476654
6105.3184 5.334014 5.2198925 2.9269085 0.23951556
6112.3516 4.4042964 4.312003 2.7351432 0.2225692
6119.3853 4.6137595 4.560915 2.9581945 0.22771229
6126.4185 5.130211 4.999374 2.9829376 0.23701417
6133.4517 5.2020645 5.0875363 3.0033088 0.23790824
6140.4854 5.6401734 5.494067 2.9674153 0.24448065
6147.5186 5.2075915 5.1003 2.8164577 0.2351846
6154.552 5.236828 5.159977 3.0104785 0.23838346
6161.5854 5.29895 5.107247 3.0591192 0.24003808
6168.6187 5.069628 4.9768414 3.1141195 0.23940198
6175.652 5.017034 4.954087 3.057644 0.2367585
6182.6855 5.2466197 5.1731734 3.735682 0.24674438
6189.7188 5.109125 5.025925 4.4853387 0.25400463
6196.752 5.218627 5.0509458 4.2947917 0.2534102
6203.7856 5.3716846 5.4263644 3.803262 0.24902807
6210.819 5.3782783 5.3069773 3.9616833 0.25185862
6217.852 5.7448063 5.698521 4.316377 0.2607755
6224.8853 5.534158 5.4637966 3.6747868 0.2512761
6231.919 5.257169 5.070124 3.5031557 0.245726
6238.952 5.368989 5.3716803 3.0848675 0.24156417
6245.9854 5.404376 5.2376904 6.8925376 0.2819576
6253.019 5.9409857 5.7685723 12.591437 0.34250733
6260.0522 6.212551 6.1515527 11.855911 0.33853766
6267.0854 6.1141534 5.904849 6.313214 0.28679907
6274.119 6.4096313 6.238108 3.0741153 0.2572142
6281.1523 6.9117255 6.7844133 3.8486052 0.27256083
6288.1855 6.93599 6.7907224 3.763478 0.27222902
6295.219 6.6835794 6.5037074 3.3115082 0.2635069
6302.2524 6.9087977 6.711902 2.9809046 0.26333314
6309.2856 6.736776 6.566109 4.159007 0.2740977
6316.319 6.7540293 6.6094685 6.078749 0.2932331
6323.3525 6.8413305 6.5410204 5.4764676 0.28988442
6330.3857 6.671879 6.6018972 3.581673 0.26651612
6337.419 5.944233 6.111098 3.049386 0.24799998
6344.4526 6.5869956 6.4012594 3.1166444 0.2595417
6351.486 5.6330204 5.5372696 2.7512138 0.2419252
6358.519 5.894417 5.800956 2.5038023 0.24232538
6365.5527 5.923429 5.9047346 2.643482 0.24388617
6372.586 5.2195487 5.189074 2.8035245 0.23582792
6379.619 5.5298004 5.432756 2.7310596 0.24032493
6386.653 5.500744 5.4769907 2.54193 0.23602235
6393.686 5.209576 5.0784116 2.443346 0.23165005
6400.719 4.860846 4.753867 2.5085766 0.22632228
6407.7524 5.4942684 5.294383 2.5387142 0.2377934
6414.786 4.9697537 4.7813473 3.19023 0.23785454
6421.8193 5.1595407 5.101645 3.7118967 0.24605288
6428.8525 5.1398215 5.000392 3.493944 0.24411583
6435.886 4.8374825 4.7329845 2.9586973 0.23338832
6442.9194 4.8601766 4.8056235 2.53389 0.22616777
6449.9526 4.54434 4.5164924 3.5043464 0.23357598
6456.9863 4.8025746 4.699649 4.046003 0.24502608
6464.0195 4.809056 4.640368 3.3236947 0.23636147
6471.0527 4.319889 4.2986174 2.8250356 0.22209539
6478.0864 4.727438 4.667734 2.986477 0.23071018
6485.1196 4.757866 4.665063 3.4642305 0.23740683
6492.153 4.4494553 4.362252 3.7422194 0.23548393
6499.1865 4.229707 4.1141734 3.506569 0.23069282
6506.2197 4.315297 4.3687873 3.663514 0.23227477
6513.253 4.600013 4.4946885 4.2247305 0.24378765
6520.286 4.293265 4.1422896 3.8753603 0.23637715
6527.32 4.1325397 4.275699 3.692591 0.23011412
6534.353 4.8389535 4.8507104 3.5422957 0.23906662
6541.386 4.688905 4.5774717 2.8720539 0.22824319
6548.42 4.9175463 4.8810263 2.5687459 0.22784202
6555.453 4.9446235 4.817726 2.7450514 0.2316826
6562.4863 4.5486298 4.441943 2.929133 0.2272702
6569.52 4.628323 4.5411873 2.6768012 0.2247436
6576.553 4.215346 4.101058 2.3856223 0.21573317
6583.5864 4.4847574 4.435943 2.5225856 0.22134963
6590.62 4.4927845 4.4500527 2.6300085 0.22164994
6597.6533 4.214863 4.169213 2.4764457 0.21547715
6604.6865 4.314798 4.203472 2.267879 0.21504763
6611.7197 4.430896 4.3381057 2.268425 0.2175844
6618.7534 4.708181 4.657846 2.2945993 0.22109877
6625.7866 4.2095103 4.1175346 2.3032348 0.21390383
6632.82 4.3043942 4.2319217 2.296504 0.21534106
6639.8535 4.6705146 4.6209617 2.3622425 0.22370107
6646.8867 4.7490344 4.637407 2.2673674 0.22178224
6653.92 4.9366665 4.8824873 2.2682724 0.2249446
6660.9536 4.2953124 4.383232 2.3912594 0.21527037
6667.987 4.4308925 4.299942 2.2672098 0.21715736
6675.02 4.304362 4.222693 2.3326914 0.21565744
6682.0537 4.1468325 4.231362 2.3023248 0.21295075
6689.087 4.055997 3.96458 2.2458203 0.21003662
6696.12 4.5259047 4.4611287 2.3999994 0.21952826
6703.1533 4.392665 4.28014 2.3664 0.21784183
6710.187 4.1222696 4.120685 2.280106 0.2121451
6717.22 4.1619854 4.060669 2.328298 0.21330531
6724.2534 4.4473677 4.36642 2.2458038 0.21593243
6731.287 4.1487937 4.02721 2.2522154 0.21234402
6738.3203 4.231301 4.0809646 2.3975792 0.21559179
6745.3535 4.3216877 4.269904 2.2890892 0.21485275
6752.387 4.5502186 4.5867777 2.2155082 0.2171362
6759.4204 4.385489 4.319138 2.2517207 0.21512398
6766.4536 4.3740215 4.211176 2.2391798 0.21509832
6773.4873 4.478083 4.357651 2.440994 0.22083105
6780.5205 4.2270336 4.04891 4.0844584 0.23831902
6787.5537 3.8653553 3.7314992 5.9530497 0.2544627
6794.5874 4.3417315 4.305948 5.1342177 0.25157338
6801.6206 4.246864 4.1396537 2.9883087 0.22345833
6808.654 3.8752248 3.8067396 2.869211 0.21642454
6815.687 4.2116385 4.2018647 4.433484 0.2419302
6822.7207 3.6702137 3.5795305 5.2944016 0.24328929
6829.754 3.2238412 3.157772 3.9915068 0.21881557
6836.787 3.2601829 3.3631058 2.5394685 0.19968897
6843.821 3.5482576 3.6748724 3.10576 0.21293798
6850.854 3.6037207 3.534208 3.0179765 0.2135452
6857.887 3.682093 3.6066575 2.874153 0.21240199
6864.921 4.090437 3.9661925 3.192051 0.22394796
6871.954 3.9555836 3.8939414 3.66555 0.2271353
6878.9873 3.307009 3.362152 4.2996793 0.22394446
6886.021 3.9840622 3.9359493 3.703763 0.22841537
6893.054 3.6905043 3.6199703 3.1672478 0.21694681
6900.0874 4.0321784 3.9295313 4.3474293 0.23798108
6907.1206 3.7388515 3.7127395 4.3560457 0.23339298
6914.1543 3.7158911 3.6639028 3.4227421 0.22018388
6921.1875 3.5626068 3.5329065 2.820298 0.20892495
6928.2207 4.015399 3.8322928 3.5744593 0.22837947
6935.2544 4.148515 4.1156607 3.6970332 0.23086934
6942.2876 3.8421948 3.813706 3.1103308 0.21852064
6949.321 3.9627862 4.0074105 2.4401302 0.21091007
6956.3545 3.8805997 3.8540845 2.4619029 0.21036907
6963.3877 4.3759947 4.309783 2.8351345 0.22355416
6970.421 3.819933 3.7368546 2.8783534 0.21521254
6977.4546 3.60338 3.4954793 2.4204865 0.20524983
6984.488 3.6965394 3.6302545 2.2443197 0.20467317
6991.521 3.8801017 3.7793725 2.3299558 0.20930581
6998.5547 4.1197343 3.9703493 2.726466 0.21798982
7005.588 4.261767 4.2392426 2.9744642 0.22293581
7012.621 4.2660666 4.2492094 2.7672048 0.2202172
7019.6543 4.0211306 3.8993254 2.599438 0.21559657
7026.688 4.1150723 4.030482 2.5785327 0.21731205
7033.721 4.2150154 4.1807303 2.6610909 0.21817805
7040.7544 3.895753 3.9363363 2.70191 0.2131473
7047.788 3.9381142 3.9584613 2.6378198 0.21403334
7054.8213 4.050393 4.0694895 2.3799355 0.2124931
7061.8545 3.7773848 3.9113214 2.2213905 0.20440868
7068.888 4.238046 4.152179 2.2326655 0.21322177
7075.9214 3.7636273 3.6268451 2.1998174 0.20571414
7082.9546 4.176277 4.0682263 2.4104385 0.21545917
7089.9883 4.193512 4.2268996 2.4808998 0.21537945
7097.0215 3.793076 3.725773 2.6780238 0.21203703
7104.0547 4.0378094 4.026144 2.69736 0.21672997
7111.088 3.982854 3.9411085 2.533407 0.212501
7118.1216 4.24426 4.170456 2.4313207 0.21624224
7125.155 4.0641174 4.0599966 2.6001983 0.21541297
7132.188 4.0250044 3.9795532 2.4981215 0.21372765
7139.2217 3.7794597 3.677584 2.4215772 0.20946802
7146.255 3.9361463 3.8779645 2.1805198 0.20798141
7153.288 3.7737918 3.7225423 2.1089587 0.20498922
7160.322 3.9253185 3.7995617 2.0707629 0.20645246
7167.355 3.772398 3.7424889 2.017707 0.20283905
7174.388 3.9243832 3.9360535 2.2331698 0.20716727
7181.422 3.998439 4.0223427 2.1433141 0.20716241
7188.455 3.7261682 3.6666934 4.616529 0.23678814
7195.4883 3.8357089 3.760977 9.439136 0.2911344
7202.5215 3.911603 3.777256 10.883216 0.30741233
7209.555 3.863513 3.6392846 6.919603 0.26660603
7216.5884 3.5595236 3.4099798 2.9804938 0.21497609
7223.6216 3.6751351 3.5429535 4.6056457 0.23523647
7230.6553 4.1236567 3.9717221 9.155902 0.29425848
7237.6885 3.9758244 3.885907 9.831317 0.29720864
7244.7217 4.2474875 4.2208295 6.4049625 0.2649003
7251.7554 4.165453 4.0806236 4.213915 0.23847896
7258.7886 4.430303 4.3996263 4.397743 0.2445717
7265.822 3.383487 3.2768009 6.012151 0.24868822
7272.8555 3.7029612 3.7548668 7.2200484 0.26772666
7279.8887 4.3478374 4.2574134 6.9074345 0.2727275
7286.922 3.744684 3.5921757 5.0394535 0.24300179
7293.9556 3.7698512 3.5175097 8.434071 0.28420287
7300.989 3.9635246 4.075901 8.036446 0.27883115
7308.022 3.9782722 3.9220808 5.0348186 0.24600592
7315.055 3.985072 3.9300923 4.674275 0.24248241
7322.089 4.0211754 3.8450387 7.5099025 0.27547267
7329.122 4.498174 4.429881 6.8835416 0.27492827
7336.1553 3.5555215 3.4451694 3.6586812 0.22194365
7343.189 3.8097312 3.6993823 3.0500615 0.22015882
7350.222 3.978914 3.813036 4.987461 0.24655782
7357.2554 3.6385975 3.4989672 5.5319386 0.24762945
7364.289 4.119493 4.0253625 4.2279506 0.24000129
7371.3223 3.751183 3.771049 2.6192088 0.21042459
7378.3555 3.472756 3.4800146 2.4651792 0.20398869
7385.389 3.8260155 3.8222008 3.417977 0.22387694
7392.4224 3.819073 3.8737519 3.8253446 0.22779725
7399.4556 4.0710945 4.016457 3.3581946 0.2264257
7406.489 3.8247557 3.8088663 2.4122663 0.20917422
7413.5225 3.2851534 3.2960262 2.2958643 0.19814306
7420.5557 3.7072723 3.5826864 3.251176 0.2195946
7427.589 4.187874 4.062013 4.3197007 0.24132827
7434.6226 4.0847907 3.905398 5.0795994 0.25086728
7441.656 3.4020903 3.341205 4.252008 0.22942951
7448.689 3.8241043 3.7257845 3.0544667 0.2187658
7455.7227 3.76014 3.6549842 2.3558464 0.20852628
7462.756 3.424749 3.392499 2.1599798 0.19880939
7469.789 3.315106 3.2556453 2.789601 0.2080014
7476.8228 3.013618 2.8232596 5.5991797 0.24005026
7483.856 3.7339416 3.7370296 6.188495 0.25669092
7490.889 3.3155875 3.256875 3.9591873 0.22215715
7497.9224 3.6507392 3.5537727 2.5248642 0.20858563
7504.956 3.3783104 3.430427 2.5287697 0.2028868
7511.9893 3.4819083 3.369192 2.660666 0.20800677
7519.0225 3.1374648 3.1326132 3.6156898 0.21589938
7526.056 3.5864398 3.5985177 4.5077395 0.23489977
7533.0894 3.7158246 3.5678096 4.3356743 0.23507808
7540.1226 3.295246 3.1478975 3.28133 0.21350196
7547.1562 3.299266 3.1338336 2.832848 0.20840165
7554.1895 2.1607301 2.0128984 2.4715285 0.17812023
7561.2227 1.0002701 1.0429901 1.7217139 0.13889317
7568.2563 1.1640373 1.197191 1.8657677 0.14619207
7575.2896 1.8475636 1.7445488 2.6190026 0.1761081
7582.3228 2.198684 2.211914 2.892782 0.18614863
7589.3564 1.5517461 1.6395135 2.4013238 0.16382824
7596.3896 2.1364667 2.1396618 1.9553179 0.16928035
7603.423 2.5801804 2.5187972 1.9768507 0.17991008
7610.456 2.7021983 2.636633 2.4618692 0.19156922
7617.4897 3.0271227 2.8540466 2.694278 0.20117995
7624.523 3.161806 3.2028844 2.3622193 0.19611417
7631.556 3.0268917 2.9686038 2.056113 0.19009876
7638.59 2.8017585 2.8462992 2.4852037 0.19200534
7645.623 3.2759216 3.155426 2.8885124 0.20783873
7652.6562 3.46635 3.2836063 2.8398771 0.21107325
7659.69 3.1106563 2.9675603 4.7291446 0.2319801
7666.723 3.2481546 3.1495616 10.853793 0.30043128
7673.7563 3.6326315 3.644583 13.274908 0.32950294
7680.79 3.764555 3.7305872 7.9457593 0.2759913
7687.823 3.5307999 3.35268 3.7669644 0.22606176
7694.8564 3.5723443 3.4422743 4.2932134 0.23365317
7701.8896 3.446469 3.4816706 8.185169 0.2765359
7708.9233 3.9027689 3.8467076 11.562536 0.31814927
7715.9565 3.8194606 3.848062 8.400969 0.28114414
7722.9897 3.230056 3.3454318 4.2875314 0.22769953
7730.0234 3.5230844 3.3306553 4.276137 0.23230243
7737.0566 3.1470325 2.9564483 5.052905 0.23667262
7744.09 3.0257497 2.9588199 7.0220356 0.2579467
7751.1235 3.725164 3.4911861 7.963431 0.27995244
7758.1567 3.5373714 3.2544372 6.7670093 0.26304832
7765.19 3.151854 2.9451659 5.2913823 0.23878275
7772.2236 3.333261 3.0675068 9.057835 0.2859155
7779.257 3.7716002 3.6267529 8.556914 0.28593355
7786.29 3.252935 3.1265454 5.524565 0.24420884
7793.3237 2.7723138 2.6912112 4.269083 0.22048488
7800.357 3.1712306 2.928452 7.386851 0.26590958
7807.39 3.1630816 2.9997003 11.211136 0.30608457
7814.4233 3.3150558 3.1112692 11.605449 0.31115374
7821.457 3.5919032 3.39838 8.645973 0.28426912
7828.49 2.9850857 2.886389 7.7008257 0.26576298
7835.5234 3.5625527 3.5224807 7.60731 0.27224544
7842.557 3.6781788 3.5608773 7.4113545 0.27260384
7849.5903 3.2496314 3.1291149 6.0532703 0.24911642
7856.6235 3.0716622 2.9978597 4.5226836 0.22805472
7863.657 3.135503 3.0576875 8.37092 0.27324265
7870.6904 3.093153 3.002267 13.221897 0.3245444
7877.7236 2.9960566 2.905234 11.169787 0.30121043
7884.7573 3.2557597 3.2017038 6.58503 0.25744453
7891.7905 2.897169 2.8209805 4.5455284 0.22526555
7898.8237 2.512898 2.3449986 3.839224 0.20946407
7905.857 2.98858 2.7733831 4.1328535 0.22319043
7912.8906 2.9821434 2.801371 6.0762753 0.24702878
7919.924 2.8284576 2.8182404 8.078468 0.26745957
7926.957 3.4060235 3.452738 8.051781 0.27429354
7933.9907 2.7155735 2.5970204 5.224041 0.23200992
7941.024 2.8501673 2.9038136 7.6450377 0.26178896
7948.057 2.8468714 2.7290673 8.799894 0.27558574
7955.091 3.0929153 2.9574852 7.0197773 0.2590524
7962.124 2.591825 2.532696 3.9547896 0.21107438
7969.157 2.7881134 2.6603532 4.3134513 0.2212139
7976.191 2.3590324 2.2424948 7.186126 0.25167271
7983.224 2.4354956 2.3479297 7.335808 0.2542604
7990.2573 2.2702112 2.1642323 4.1147475 0.20861727
7997.2905 2.9851384 2.8380737 2.355223 0.19612771
8004.324 3.2263918 3.1003773 3.030592 0.20908372
8011.3574 2.3763018 2.4162812 4.159155 0.20989451
8018.3906 2.7116609 2.7334468 4.4021344 0.21926802
8025.4243 3.0411208 2.995742 3.0837884 0.20676029
8032.4575 2.595781 2.6555476 2.0141177 0.1815021
8039.4907 2.5065465 2.4643204 2.2131581 0.18287572
8046.5244 2.5865712 2.5931737 2.649733 0.19252516
8053.5576 2.5452902 2.558834 3.1394193 0.19930577
8060.591 2.7240736 2.5864918 2.8622444 0.19900875
8067.6245 2.580971 2.5554235 2.1371608 0.18310109
8074.6577 2.571668 2.5332022 1.802485 0.17882814
8081.691 2.5802186 2.48981 1.9142281 0.17944533
8088.7246 2.1454797 2.0423918 2.1617777 0.1752078
8095.758 2.4447775 2.420821 2.3573828 0.18423507
8102.791 2.5107675 2.4231648 2.2360444 0.18402094
8109.824 2.3346555 2.385717 1.8626816 0.17243314
8116.858 2.4320073 2.4946296 1.6479619 0.17253321
8123.891 2.4558985 2.3797548 1.6585038 0.17275755
8130.9243 2.521577 2.5141478 1.6498984 0.1734146
8137.958 2.6916995 2.7336867 1.7613626 0.17906767
8144.991 2.485884 2.4285944 1.9321036 0.17847608
8152.0244 2.0715988 2.006909 1.9946162 0.17243053
8159.058 2.0810266 2.0766163 1.8497778 0.16799164
8166.0913 2.1784613 2.1450336 1.6503831 0.16569932
8173.1245 2.0698743 1.9845417 1.646773 0.16472234
8180.158 2.27024 2.2430456 1.5495783 0.16633233
8187.1914 2.228828 2.24182 1.5767488 0.16901076
8194.225 1.941295 1.9274255 1.6213655 0.16105549
8201.258 2.200455 2.317934 1.8164861 0.1687593
8208.291 2.492639 2.462394 1.8406762 0.17736714
8215.325 2.178685 2.2527256 1.654388 0.1667777
8222.358 2.4688492 2.3831103 2.0190213 0.1796711
8229.392 2.2163992 2.374668 5.045293 0.22031136
8236.425 2.192431 2.1363108 9.501319 0.27511555
8243.458 2.214575 1.9457175 12.074966 0.304289
8250.491 2.239817 2.1305745 11.015904 0.29291743
8257.524 2.407954 2.47575 8.71053 0.26877484
8264.559 2.4001958 2.4071977 5.0754423 0.2233422
8271.592 2.3295052 2.2824357 2.66877 0.18910778
8278.625 2.2407868 2.1750894 1.7598253 0.16944012
8285.658 2.2265632 2.2142446 2.9630883 0.18973006
8292.691 2.1853254 2.2240663 10.131789 0.2805683
8299.725 2.1526144 2.1326578 17.105354 0.34937966
8306.759 2.4126642 2.455659 14.281678 0.32442862
8313.792 2.27251 2.2139575 6.174983 0.23804562
8320.825 2.196361 2.1819112 3.5975597 0.1990072
8327.858 1.864702 1.8530078 3.716835 0.1953687
8334.892 2.1710663 2.0330327 4.592524 0.21624191
8341.925 2.0945039 1.8725331 5.388091 0.2264262
8348.958 2.58005 2.6455035 9.880036 0.28377408
8355.992 1.6226759 1.6781863 10.486791 0.27863547
8363.025 2.1790912 2.1386492 7.2322702 0.24890047
8370.059 2.342859 2.1691532 5.3606 0.22952358
8377.092 2.3915644 2.4655335 9.734408 0.2788493
8384.125 2.5892475 2.6736062 12.537274 0.31299955
8391.158 2.2476115 2.0451503 8.084683 0.259937
8398.192 2.225219 2.208875 4.0809355 0.2104869
8405.226 2.5680788 2.7388263 4.6312695 0.2204796
8412.259 2.43751 2.4837632 7.4296474 0.25480777
8419.292 2.2552726 2.186713 9.338772 0.2760681
8426.325 2.1993086 2.010326 6.273808 0.23689787
8433.358 2.0208457 1.9740903 2.1892593 0.17473766
8440.392 2.3449364 2.3915884 2.5595849 0.18460667
8447.426 2.6130078 2.621878 4.0491385 0.21315557
8454.459 2.3059125 2.287231 6.3409863 0.23999482
8461.492 2.0410597 1.9684683 5.309508 0.22260784
8468.525 1.8430352 1.7321311 2.8754213 0.18166114
8475.559 1.7936153 1.8355676 1.5099388 0.15517429
8482.592 1.9157633 1.9359645 1.7279872 0.16206394
8489.626 2.2839181 2.1782362 2.2582057 0.18092327
8496.659 2.0146174 1.9897659 3.4210494 0.19370373
8503.692 1.6264277 1.5936657 3.4437144 0.18659052
8510.726 2.0203836 1.9655415 2.30307 0.17445453
8517.759 1.9798648 2.0098479 1.62729 0.16213582
8524.792 1.6952589 1.7356071 1.5343041 0.15485623
8531.826 2.1116076 2.075046 1.5888947 0.16398637
8538.859 2.2734153 2.163497 1.9791952 0.17664836
8545.893 1.9426711 1.8295972 2.3962321 0.17706357
8552.926 1.7801443 1.7353388 2.2469215 0.16876793
8559.959 1.7363142 1.7147866 2.3735378 0.17071764
8566.992 1.8028514 1.8318555 4.0871863 0.1996847
8574.025 1.6666551 1.7803322 7.3086157 0.24034981
8581.06 2.36788 2.5221066 9.670147 0.2786064
8588.093 2.1380873 2.1065874 8.965094 0.2696473
8595.126 1.372483 1.4018731 6.5689187 0.22762349
8602.159 1.8375069 1.8311481 7.3607078 0.24504818
8609.192 2.0375862 2.0895317 9.547345 0.27374622
8616.226 1.9288305 1.8407578 9.630158 0.27393973
8623.26 1.9857918 1.886353 7.912645 0.25465575
8630.293 1.7076501 1.693255 5.6475987 0.22107282
8637.326 1.7734897 1.7927353 3.728802 0.19324948
8644.359 2.1479611 2.1334064 2.6642082 0.18349212
8651.393 1.7660599 1.8209568 2.1713905 0.16697888
8658.426 1.5157146 1.552357 1.9216189 0.15605223
8665.459 1.9384717 1.8373193 1.7030072 0.16295335
8672.493 1.7012492 1.6921228 1.444577 0.15188505
8679.526 1.5539054 1.491293 1.4204786 0.14773932
8686.56 2.1605194 2.2750401 1.378376 0.15948525
8693.593 1.8314846 1.8410006 1.4645656 0.15553984
8700.626 1.5824908 1.5584717 2.3025846 0.16607693
8707.659 1.7009153 1.7267091 6.928401 0.2366074
8714.693 2.3383665 2.1268904 13.532627 0.3183912
8721.727 2.281865 2.3827755 16.2042 0.34121296
8728.76 1.9848211 2.0840847 13.938045 0.31580243
8735.793 1.9694216 1.8892851 9.967701 0.27681103
8742.826 2.1091406 1.9851608 5.457724 0.22472692
8749.859 1.7587059 1.7503717 2.9720328 0.18175204
8756.893 1.668602 1.7623063 2.0206747 0.15918459
8763.927 1.5480199 1.6195065 1.7274365 0.15813948
8770.96 1.3773063 1.4473394 8.4072075 0.24414098
8777.993 1.7373471 1.732132 19.15594 0.36344916
8785.026 1.8525873 1.8008825 19.262096 0.36134335
8792.06 1.7004899 1.7226899 10.546107 0.27954692
8799.093 1.2277724 1.097395 5.260379 0.20745271
8806.127 1.280483 1.352651 3.3759809 0.17774409
8813.16 1.7976693 1.7397571 4.385017 0.20297396
8820.193 1.5921597 1.479526 5.481138 0.21768965
8827.227 1.2632297 1.151143 6.063051 0.21914019
8834.26 1.6941231 1.6109502 11.025159 0.28325307
8841.293 1.4942218 1.4315209 11.714415 0.2896765
8848.326 1.4649874 1.4845613 8.026566 0.24700353
8855.36 1.249326 1.247637 5.95006 0.21746416
8862.394 1.6838348 1.6700209 9.130382 0.2612896
8869.427 1.4214789 1.4103256 13.17708 0.30316868
8876.46 1.1749213 1.2491144 11.212684 0.2779133
8883.493 1.380442 1.5606105 5.6211066 0.21122308
8890.526 0.96679276 1.033945 3.8212016 0.17834322
8897.561 1.1731423 1.1801469 6.3437347 0.21891746
8904.594 1.7022198 1.731921 9.021313 0.2620058
8911.627 1.541577 1.4051758 9.278345 0.26383364
8918.66 1.3889103 1.3820095 5.715136 0.21392985
8925.693 1.1212499 1.2070233 1.8761926 0.14662525
8932.727 1.1121416 1.2931682 2.8596678 0.16231903
8939.76 1.0277755 1.0965016 4.11095 0.18531002
8946.794 1.0473771 1.0372806 6.0777583 0.21350048
8953.827 1.4049269 1.4805788 5.696437 0.21347862
8960.86 1.3754411 1.4697677 3.4283955 0.177537
8967.894 1.0665207 1.1071452 1.5582066 0.1373378
8974.927 0.9560375 1.0331919 1.374541 0.13016921
8981.96 0.9213188 1.0141973 1.9000332 0.13979998
8988.994 1.0231861 0.9224513 2.8045154 0.16263989
8996.027 1.2816691 1.2900151 3.7127924 0.18387313
9003.061 1.1924433 1.3749143 3.4515712 0.17378722
9010.094 0.977523 0.990897 2.1676486 0.1478033
9017.127 1.1116029 1.167647 1.3500762 0.13509832
9024.16 1.1742799 1.2646985 1.390464 0.13485931
9031.194 1.0262291 1.1266593 1.2576268 0.12805653
9038.228 0.77968943 1.1184571 1.5193465 0.12473121
9045.261 0.9595179 1.0215218 2.0997477 0.14465758
9052.294 0.831062 0.95096385 2.4453669 0.14798002
9059.327 0.9769074 1.0218135 1.7212795 0.1383015
9066.36 1.1105781 1.1706191 1.0846846 0.12597886
9073.394 0.79623646 0.8966692 1.0438337 0.117659755
9080.428 1.0480789 1.0422881 1.0212331 0.12560809
9087.461 0.8522859 0.9709005 1.0543602 0.11765353
9094.494 0.97267264 1.0468248 1.2807568 0.1264826
9101.527 1.1738769 1.1607387 1.7087505 0.14327452
9108.561 0.8895815 0.9421937 1.8219489 0.13727678
9115.594 1.1048994 1.1871833 1.4454583 0.13377239
9122.628 1.2477332 1.2742969 1.032514 0.12817478
9129.661 1.0005138 1.0234002 0.8837877 0.119126774
9136.694 1.1160469 1.227931 0.9948911 0.12497881
9143.728 1.0158503 1.1386535 1.0172414 0.12171781
9150.761 1.1943004 1.3208678 0.94850564 0.12503722
9157.794 0.89680594 0.9425493 1.1797417 0.12175375
9164.827 0.82279986 0.92444503 1.4115616 0.12502836
9171.861 0.8755429 1.005712 1.5710839 0.12873766
9178.895 0.9528491 0.98704356 1.3329387 0.12761053
9185.928 0.865131 0.9851076 0.96037847 0.11592823
9192.961 0.8588066 1.1618357 0.99002033 0.113819435
9199.994 0.4441195 0.6232213 1.2520266 0.10825035
9207.027 0.6868384 0.7120824 1.1281593 0.1137848
9214.062 1.0291456 0.9770783 0.9097699 0.12091845
9221.095 1.0303539 1.1823567 0.88399404 0.119153656
9228.128 0.7711535 0.9264688 1.0974746 0.11560628
9235.161 0.786065 0.8544533 1.3505801 0.1215838
9242.194 0.84051484 0.90354466 2.3767467 0.1485825
9249.228 0.54934 0.46215412 6.9537416 0.21415351
9256.261 0.60700023 0.47406006 13.327599 0.28829914
9263.295 0.92120725 0.7585454 14.837677 0.3054541
9270.328 1.1549865 1.135262 11.37234 0.27441305
9277.361 0.7990932 0.9349705 6.7733126 0.2129367
9284.395 0.44588098 0.5741589 3.645537 0.15856013
9291.428 0.6573655 0.7555837 2.6075294 0.14530452
9298.461 0.57165456 0.62821394 1.683101 0.12390486
9305.495 0.38307637 0.51178014 1.8861177 0.121082686
9312.528 0.5703464 0.80483353 6.481145 0.20388865
9319.562 0.29315394 0.2905926 14.112223 0.2882454
9326.595 0.4959389 0.42588148 13.2174225 0.28513205
9333.628 0.57510847 0.8028358 5.171826 0.18309061
9340.661 0.62813437 0.6703304 2.410962 0.14484414
9347.694 0.45890445 0.41733673 2.8972802 0.14783028
9354.729 0.59531635 0.7159863 2.973108 0.15198319
9361.762 0.7127025 0.7911025 3.6774151 0.16525275
9368.795 0.45631957 0.51575637 3.7588713 0.16167653
9375.828 0.37545767 0.5422465 5.5467157 0.18527512
9382.861 0.41498047 0.4510863 8.849168 0.23304603
9389.895 0.9138054 0.85624224 7.687316 0.22673884
9396.929 1.1086916 1.3377887 4.880569 0.19177906
9403.962 0.51423824 0.4119252 4.7818823 0.18107739
9410.995 0.48774794 0.3477106 5.2737 0.18672587
9418.028 0.508142 0.5538862 8.267885 0.22601932
9425.062 0.77111113 0.7331711 7.3832374 0.21961527
