3453.7446 -0.2488889 0.2596141 0.8303425 0.0733165
3460.7778 -0.023564603 0.09633518 0.8373165 0.079724334
3467.8113 0.09764292 0.2446846 0.7503935 0.08684404
3474.8445 0.12078725 0.31599584 0.75790054 0.082708545
3481.878 0.23767073 0.38735852 0.78128946 0.09097081
3488.9114 -0.1627285 -0.045520622 0.8910734 0.0780622
3495.9446 -0.4355354 -0.06539144 0.8782821 0.062636994
3502.978 0.04769789 0.19716781 0.87477374 0.08571155
3510.0112 -0.15573306 0.06267569 0.8563875 0.073445834
3517.0447 -0.043221295 0.21622406 0.88804656 0.0815935
3524.0781 0.18532659 0.28447485 0.7783008 0.09148524
3531.1113 -0.19131222 0.164519 0.9321504 0.084573396
3538.1448 -0.09789757 0.03716465 0.9600676 0.08075264
3545.1782 0.079479985 0.22791007 1.0009928 0.09046629
3552.2114 0.0010779299 0.17447318 1.0332122 0.095360406
3559.2449 0.2329191 0.38527298 1.1106874 0.10198425
3566.278 -0.24745946 0.038737115 1.0371954 0.07902253
3573.3115 -0.037052575 0.058564708 0.9612465 0.08420863
3580.345 0.005767482 0.18297902 1.086203 0.09351091
3587.3782 0.10956082 0.27964255 1.1114972 0.09505678
3594.4116 0.08256297 0.30589518 1.0806699 0.093661696
3601.4448 0.11423802 0.22230034 1.0587214 0.0968961
3608.4783 0.1503658 0.2454288 1.0196534 0.09364157
3615.5117 0.6507227 0.620913 1.1034533 0.117244706
3622.545 0.33389536 0.36490285 1.2608368 0.10966658
3629.5784 0.17519455 0.21051043 1.2697049 0.104870126
3636.6118 0.31836253 0.391234 1.3271858 0.11022283
3643.645 0.38277793 0.3695992 1.3169118 0.112327024
3650.6785 0.10549519 0.21096867 1.3190672 0.103599794
3657.7117 0.54134786 0.6806513 1.3835456 0.119925685
3664.745 0.70326936 0.75240856 1.3618908 0.12571941
3671.7786 0.49611896 0.47698712 1.6600599 0.12675358
3678.8118 0.765995 0.83512145 1.4980367 0.12943247
3685.8452 0.51678854 0.59614044 1.5284628 0.1204762
3692.8784 0.8423318 1.0654136 1.3362502 0.12509103
3699.9119 0.9777392 1.1170303 1.4328648 0.13104205
3706.9453 0.60323656 0.76603436 1.4962163 0.123814866
3713.9785 0.3549689 0.5265782 1.623023 0.122180216
3721.012 0.6243697 0.89037895 1.5816524 0.12599774
3728.0454 0.9358047 1.0004225 1.6933508 0.13759619
3735.0786 0.26872578 0.6478464 1.7771653 0.116746545
3742.112 0.43558815 0.63136923 1.6184098 0.119819045
3749.1453 0.7468604 0.9147169 1.7616225 0.13450722
3756.1787 0.8679922 0.8995034 1.837609 0.13985789
3763.2122 1.1920193 1.2202606 1.7680684 0.1454185
3770.2454 0.837334 0.9332855 1.952835 0.14083812
3777.2788 0.8900983 0.8948369 1.9036833 0.14256981
3784.312 1.1356138 1.1276854 1.818314 0.14621152
3791.3455 0.7483053 0.8218556 1.8711872 0.13674581
3798.379 0.524773 0.612511 1.8659316 0.13045485
3805.412 1.0504357 1.0862502 1.7882816 0.14308752
3812.4456 0.99482715 0.88908523 1.8488868 0.14613801
3819.479 0.99729145 0.9857569 1.7433072 0.14125185
3826.5122 1.048233 1.1063731 1.7348417 0.14140147
3833.5457 1.4667435 1.4733313 1.6117584 0.15022087
3840.5789 0.95975745 1.2187455 1.7703832 0.13845457
3847.6123 0.8660325 1.0635104 1.9102668 0.14088066
3854.6458 1.1149709 1.1797702 1.9179745 0.14699286
3861.679 1.2265866 1.264416 2.0151844 0.15211843
3868.7124 1.2523078 1.2911431 1.9637839 0.15364492
3875.7456 1.4898045 1.4515326 1.7463185 0.15337007
3882.779 0.8879991 1.0031558 1.8895284 0.14236455
3889.8125 1.2669401 1.3048916 1.7940911 0.15067974
3896.8457 1.3210053 1.3464916 1.8988887 0.15412003
3903.8792 1.2231106 1.1665223 1.9550546 0.15263557
3910.9126 1.5004802 1.4364815 1.779054 0.15513717
3917.9458 1.3575788 1.3420199 1.592284 0.14818403
3924.9792 1.4789479 1.4823827 1.6957259 0.15149207
3932.0125 1.5820714 1.5942935 1.9335955 0.15982248
3939.046 0.96826476 0.9526705 2.0199702 0.14644983
3946.0793 1.2852628 1.3047587 1.8976759 0.15026748
3953.1125 1.9699086 1.8912413 1.8678346 0.16750112
3960.146 1.6032171 1.6824335 1.994442 0.16050468
3967.1794 1.3393415 1.3381274 2.1039252 0.1577971
3974.2126 1.6544702 1.5667068 2.0293267 0.16485533
3981.246 1.519965 1.5483682 2.0040662 0.15859017
3988.2793 1.7658404 1.7475882 2.0616524 0.16570744
3995.3127 1.8239086 1.7623429 2.0768213 0.16928199
4002.3462 1.9898932 1.9948721 2.1977382 0.17339568
4009.3794 1.6393998 1.5839623 2.0201793 0.16203575
4016.4128 1.8149621 1.8670877 2.1703107 0.16964157
4023.446 2.2347345 2.105558 2.1627116 0.17756224
4030.4795 1.840286 1.9255483 2.253298 0.17013723
4037.513 1.9450724 2.0260181 2.1122358 0.17083363
4044.5461 1.7120657 1.69224 2.1148624 0.16562332
4051.5796 2.1881864 2.1763797 1.8684919 0.17081147
4058.613 2.1553814 2.0218349 1.8798124 0.17193548
4065.6462 2.2615285 2.1537843 2.0538602 0.17642398
4072.6797 2.459071 2.4572554 2.0581682 0.1811186
4079.713 1.8583702 2.098749 2.1123016 0.16734935
4086.7463 1.849789 1.9307668 2.18706 0.16967195
4093.7798 2.441582 2.4667804 2.2195559 0.18346581
4100.813 2.330937 2.3277073 2.024824 0.17679167
4107.846 2.0111823 2.0105987 2.1211822 0.17132528
4114.88 1.8184954 1.9090351 2.3056295 0.16947839
4121.913 2.313046 2.3595884 2.5493689 0.18527707
4128.9463 2.533482 2.4453826 2.4263334 0.18874449
4135.98 2.646765 2.5419595 2.4027207 0.19092011
4143.013 2.8677564 2.7707896 2.23134 0.1909096
4150.0464 2.4273434 2.3721743 2.1811743 0.18313044
4157.08 2.837169 2.814061 2.1352158 0.18878666
4164.1133 2.529493 2.5051315 2.2112615 0.18479487
4171.1465 3.2994032 3.2132094 2.144107 0.19786082
4178.1797 3.344205 3.318417 2.036945 0.19704278
4185.2134 2.9256399 2.88816 2.095843 0.1890711
4192.2466 2.9559426 2.9490151 2.1249208 0.19065242
4199.28 2.9073286 2.7467651 2.150275 0.19166216
4206.3135 3.0100079 2.944532 2.1718516 0.19351675
4213.3467 2.9590132 2.8609352 2.2986398 0.1937839
4220.38 3.1019073 3.0460646 2.2424536 0.194598
4227.4136 3.4486709 3.3711627 2.18319 0.2013837
4234.447 3.185555 3.1262047 2.236454 0.19623604
4241.48 3.4682918 3.3131292 2.291967 0.20313941
4248.5137 3.580257 3.5150638 2.267481 0.20469254
4255.547 3.8402126 3.753846 2.3143911 0.20982216
4262.58 3.7486918 3.729277 2.2652912 0.20963787
4269.614 4.0885315 4.0122657 2.2830687 0.21354736
4276.647 4.3379593 4.1482263 2.3918486 0.22084224
4283.68 4.2425275 4.1358743 2.3504846 0.2167866
4290.7134 4.4969826 4.422319 2.2991943 0.22021678
4297.747 3.8282633 3.7696514 2.3057516 0.20898846
4304.7803 3.7404783 3.5875268 2.4048233 0.20961176
4311.8135 3.8885822 3.7513163 2.4563463 0.21298184
4318.847 3.8603952 3.7122219 2.3676326 0.21064793
4325.8804 3.5170367 3.3980966 2.294267 0.20445307
4332.9136 3.907815 3.8001962 2.391311 0.2118468
4339.9473 3.637107 3.5131662 2.426999 0.20794562
4346.9805 3.4676547 3.3764129 2.4584181 0.20555133
4354.0137 3.7773757 3.6420586 2.6084805 0.21377893
4361.0474 3.6130967 3.5218387 2.7277696 0.2120173
4368.0806 3.4404438 3.3693871 2.9679303 0.21178137
4375.114 3.131249 3.0731702 2.994841 0.20696652
4382.147 2.8845642 2.8518171 2.945408 0.2023144
4389.1807 3.1204796 3.0140905 2.943618 0.2074546
4396.214 3.3461902 3.2540128 2.9340117 0.21102294
4403.247 3.8818269 3.7841258 2.7539723 0.21642771
4410.281 3.0340624 2.8956075 2.779653 0.20258713
4417.314 3.3053014 3.2718537 2.7309666 0.20667371
4424.347 3.6308563 3.5932913 2.7197986 0.21248728
4431.381 2.9596746 2.7983556 2.8629513 0.20253289
4438.414 3.5075848 3.3427265 2.8293488 0.21165824
4445.4473 3.4880328 3.3242626 2.742581 0.21024437
4452.481 3.17634 3.1404066 2.9080057 0.20605274
4459.514 2.9289086 2.8622682 3.0172236 0.20453474
4466.5474 3.6006618 3.6375875 2.8765235 0.21294409
4473.5806 3.2680407 3.129206 2.8765197 0.20826343
4480.6143 2.8107684 2.736491 3.0558696 0.20288263
4487.6475 3.3121045 3.2405171 2.9407082 0.20865354
4494.6807 3.845865 3.710387 2.9755516 0.21900195
4501.7144 3.496032 3.4271865 3.066906 0.21374314
4508.7476 3.4282966 3.435207 3.0310066 0.2125875
4515.781 3.6751802 3.551081 3.0013893 0.21560198
4522.8145 3.3952034 3.4813144 2.9158695 0.2094414
4529.8477 3.653845 3.5026646 2.9793007 0.21670246
4536.881 3.6951578 3.5693994 2.9495316 0.21610801
4543.9146 3.6345646 3.635044 2.9328477 0.21400476
4550.9478 3.2293992 3.0735795 2.9262881 0.20906878
4557.981 3.5810354 3.4911487 2.963264 0.2143146
4565.014 3.567138 3.4901817 2.9925146 0.21471997
4572.048 3.3494136 3.3690205 2.8911862 0.2099054
4579.081 3.484695 3.4371243 2.9975882 0.21329689
4586.1143 3.2514935 3.1332047 3.029278 0.20920701
4593.148 4.01871 3.9108186 2.7418966 0.21816182
4600.181 3.8322937 3.6426 2.8620758 0.21801437
4607.2144 3.5024936 3.4463866 2.7087028 0.20776258
4614.248 3.5181506 3.4893966 3.1047962 0.21449818
4621.2812 3.8237894 3.6327646 3.0418673 0.21959406
4628.3145 3.8140526 3.790715 2.9468153 0.21826994
4635.348 3.6618736 3.7311678 3.0698535 0.21663597
4642.3813 3.5367725 3.4695778 3.0124388 0.21376128
4649.4146 3.73545 3.6216888 3.0404928 0.218044
4656.4478 3.478797 3.4599454 2.899927 0.21131232
4663.4814 3.6731117 3.602251 2.9464118 0.21524584
4670.5146 3.8544502 3.742291 2.978276 0.21865569
4677.548 3.5247753 3.4868922 2.9221768 0.21215162
4684.5815 4.012025 4.0116444 2.8332758 0.21865623
4691.6147 4.1970325 4.1209993 2.7251618 0.22089778
4698.648 3.6482644 3.5134852 3.0043175 0.21624513
4705.6816 3.8885438 3.6908216 2.8632855 0.21932775
4712.715 4.051763 3.89128 2.9207807 0.22109072
4719.748 3.6495032 3.5447674 2.8684459 0.21415326
4726.7817 4.0115495 3.9881775 2.7013943 0.21607105
4733.815 3.6086497 3.614304 2.903261 0.21283215
4740.848 3.8220563 3.7165287 2.900987 0.21722811
4747.8813 3.528286 3.414678 2.859756 0.21276648
4754.915 3.8903205 3.7984748 3.0033948 0.21994188
4761.948 3.821761 3.7557247 2.9381967 0.21892497
4768.9814 3.7345746 3.6770349 2.9682636 0.21807308
4776.015 4.13442 4.0808287 3.057956 0.22285952
4783.0483 3.572564 3.4973373 3.0959127 0.21493547
4790.0815 4.1769843 3.9940987 3.080723 0.22514011
4797.115 4.030848 3.9018998 2.9968534 0.22232282
4804.1484 3.9294257 3.7281265 3.0498724 0.22201467
4811.1816 3.780184 3.626564 2.8883004 0.21569996
4818.2153 3.8844106 3.8054695 2.9160745 0.2172844
4825.2485 3.7877398 3.6352282 2.8252206 0.21588929
4832.2817 3.7637835 3.6222773 2.892036 0.21688108
4839.315 3.6455755 3.5182495 2.9377086 0.21350992
4846.3486 3.90082 3.830263 2.9254742 0.218268
4853.382 3.92162 3.8106327 2.9639854 0.2191133
4860.415 3.7114851 3.7370486 2.9129918 0.21304972
4867.4487 3.6305306 3.6051643 2.85277 0.21209677
4874.482 3.9961274 3.9295485 2.8319433 0.21793291
4881.515 3.9501195 3.912818 2.832185 0.21665485
4888.549 3.8151655 3.7383332 2.929736 0.21638824
4895.582 4.0683537 4.032029 2.8083687 0.2190023
4902.615 3.99979 3.8521702 2.881641 0.21952052
4909.649 3.8346958 3.911499 2.9139633 0.21542855
4916.682 4.0004153 3.9881213 2.924067 0.21858397
4923.7153 3.6792204 3.7139935 2.9171941 0.21444528
4930.7485 3.7808099 3.7329576 2.9389617 0.21590137
4937.782 3.6545022 3.6123524 3.0116222 0.21550128
4944.8154 4.067236 3.9853866 2.9146707 0.22047903
4951.8486 3.9759033 3.9476578 2.9540122 0.22101685
4958.8823 4.210196 4.0668807 2.9339542 0.22337277
4965.9155 3.659266 3.5077739 2.8830338 0.21463683
4972.9487 3.9935367 3.941695 2.787795 0.21671885
4979.9824 3.9824395 3.9152687 2.9026752 0.21854985
4987.0156 4.108079 4.005446 2.8701248 0.22080176
4994.049 4.076015 4.023879 2.6968505 0.21707432
5001.0825 3.7281852 3.6095116 2.7998908 0.2129619
5008.1157 3.7884843 3.7800496 2.7974584 0.21346071
5015.149 3.9633043 4.0519857 2.7691343 0.2156904
5022.182 4.1001387 4.0899286 2.8056142 0.2188254
5029.216 4.2920604 4.238414 2.719104 0.22087939
5036.249 4.1991367 4.0878673 2.666483 0.2184863
5043.282 3.9591298 3.9197037 2.8037367 0.2165161
5050.316 4.0703154 3.9778361 2.8308482 0.2189466
5057.349 4.111988 3.9783468 2.7782242 0.21933132
5064.3823 4.2053494 4.136923 2.7865653 0.22038355
5071.416 4.3184676 4.371176 2.7926297 0.22125813
5078.449 4.134997 4.098603 2.7627053 0.22001658
5085.4824 4.0243125 3.9736006 2.7676656 0.21730398
5092.516 4.0569606 4.0254703 2.8241472 0.2187008
5099.5493 4.279935 4.24745 2.8446136 0.22177365
5106.5825 3.765197 3.696137 2.8542216 0.21441928
5113.6157 4.5248322 4.498817 2.7297988 0.22442429
5120.6494 4.181156 4.033045 2.635748 0.21927841
5127.6826 4.55733 4.4617505 2.6177459 0.22292176
5134.716 4.617143 4.6038256 2.6578708 0.22487117
5141.7495 5.1672597 5.130973 2.791897 0.23552053
5148.7827 4.2922077 4.2481294 3.1224117 0.22729178
5155.816 4.682073 4.595101 3.1308875 0.23324235
5162.8496 4.4965262 4.3621 3.0074277 0.22862585
5169.883 4.576526 4.596457 2.8442204 0.22648542
5176.916 4.2064705 4.1106453 2.9472857 0.22304952
5183.9497 4.3341036 4.2452593 2.888426 0.22506799
5190.983 5.0556903 5.011926 2.8393366 0.23338081
5198.016 4.697848 4.554754 2.9705825 0.23205313
5205.0493 4.4591923 4.3191967 2.9297714 0.22707689
5212.083 4.697517 4.6256137 2.757032 0.22685711
5219.116 4.212148 4.1285834 2.8237743 0.22058302
5226.1494 4.8418107 4.7600236 2.7669425 0.22981554
5233.183 4.7567563 4.6981354 2.8347447 0.22937465
5240.2163 4.472424 4.460582 2.8298671 0.22503352
5247.2495 4.643163 4.5373797 2.7798297 0.22779368
5254.283 4.4418263 4.299092 2.9423828 0.22751576
5261.3164 4.6228085 4.5298967 3.0081587 0.23116224
5268.3496 4.4201236 4.2344456 2.9147382 0.22659999
5275.3833 4.493907 4.3280377 2.8838027 0.22695936
5282.4165 4.1690946 4.0944576 2.8732471 0.22045483
5289.4497 4.4541407 4.307254 2.8685193 0.22542474
5296.4834 4.732693 4.7718043 2.8561165 0.22948137
5303.5166 4.983947 4.981615 2.8796787 0.23327284
5310.55 4.729655 4.7526994 2.9453733 0.22998849
5317.583 4.6975875 4.768166 2.749629 0.22715892
5324.6167 4.986261 4.9444776 2.7900186 0.23201229
5331.65 4.9536247 4.856044 2.8673093 0.23225181
5338.683 4.7267118 4.6625333 2.8863275 0.23024215
5345.717 4.920657 4.8075514 2.8465178 0.23161742
5352.75 4.6648827 4.604623 2.7533262 0.22716805
5359.783 4.996273 4.8821054 2.8046157 0.23339558
5366.817 5.108076 5.004289 2.8160372 0.23572288
5373.85 4.703989 4.669697 2.79061 0.22753587
5380.8833 4.9751587 4.8699265 2.8636324 0.23286447
5387.917 4.214042 4.0744114 2.972084 0.22269328
5394.95 4.9451137 4.882582 2.7934875 0.2315519
5401.9834 4.3628755 4.360738 2.9639804 0.22530206
5409.0166 4.594911 4.545705 2.9095066 0.227273
5416.0503 4.791121 4.825855 2.7962487 0.23007467
5423.0835 4.7548027 4.662166 2.8374891 0.23039041
5430.1167 4.966734 4.9981747 2.7803936 0.23130141
5437.1504 4.966699 4.837062 2.8201869 0.23242424
5444.1836 4.862977 4.672369 2.8271825 0.23161271
5451.217 4.7518325 4.664471 3.0079746 0.2315426
5458.2505 4.849233 4.8190475 2.9730184 0.23202191
5465.2837 5.1651998 5.0934367 2.9598286 0.23755786
5472.317 5.2614737 5.132378 2.8629124 0.23761791
5479.3506 4.4282303 4.404511 2.867741 0.2233205
5486.384 5.1124563 4.9965 2.871278 0.23555785
5493.417 5.0014853 4.9223504 3.2290857 0.23814899
5500.45 5.112735 5.075021 3.1613917 0.23939358
5507.484 4.773484 4.6414256 3.1479383 0.23237103
5514.517 4.9340305 4.8763413 2.6490717 0.23344424
5521.5503 4.604696 4.5261645 9.669064 0.2922017
5528.584 5.0152617 4.796725 35.79406 0.49384812
5535.617 5.5234528 5.249767 30.087465 0.45726383
5542.6504 5.2680635 5.0360446 8.957837 0.30477542
5549.684 5.1183233 4.9964833 2.779607 0.2345657
5556.7173 5.3894215 5.193074 3.3203588 0.24643537
5563.7505 5.10076 5.041369 3.095637 0.23757036
5570.784 4.8498783 4.7141957 3.2216697 0.23614237
5577.8174 4.656424 4.6424313 3.1895072 0.23212367
5584.8506 5.175853 5.090464 3.1756282 0.23981903
5591.884 5.470645 5.339004 3.042193 0.24305348
5598.9175 5.1893463 5.175503 3.074997 0.23770161
5605.9507 4.9869313 4.871307 2.9841588 0.23447861
5612.984 5.1291895 5.1113257 3.0474062 0.23687045
5620.0176 4.9001236 4.737203 3.165211 0.23727356
5627.051 4.557066 4.5195036 3.2113445 0.23086296
5634.084 5.0617385 5.0026684 3.128375 0.23691425
5641.1177 5.02591 4.9110427 3.2373533 0.23837371
5648.151 5.5335855 5.4223 3.258896 0.2465869
5655.184 5.3010826 5.1947627 3.2208204 0.24291003
5662.218 4.8716893 4.680595 3.177626 0.23669575
5669.251 4.9657054 4.8710585 3.1503017 0.23606436
5676.284 5.2670717 5.2630925 3.2091854 0.24088313
5683.3174 4.7703514 4.832191 3.1913702 0.23434071
5690.351 4.893177 4.7592816 3.1868174 0.23630168
5697.3843 5.148641 5.032054 3.2115266 0.23995036
5704.4175 5.0704246 4.933835 3.134485 0.2380879
5711.451 5.1779623 5.057212 3.1100101 0.2386237
5718.4844 4.794029 4.7544847 3.1426258 0.23294677
5725.5176 4.9994035 5.0358653 3.0605783 0.23459487
5732.5513 4.5743647 4.4621 2.9914813 0.22931556
5739.5845 4.8591986 4.7800155 3.0037012 0.23408878
5746.6177 4.8838687 4.7680473 3.0350473 0.23349105
5753.6514 5.013358 4.91674 3.0852954 0.23587963
5760.6846 4.8211884 4.7485223 3.016384 0.23197362
5767.718 4.6520095 4.529829 3.1841335 0.23221135
5774.751 5.002734 4.884085 3.0800242 0.23607372
5781.7847 4.885212 4.7669177 3.134025 0.23446749
5788.818 4.8140535 4.646687 3.2855327 0.23618315
5795.851 4.94726 4.865228 3.1625605 0.23619348
5802.885 5.443295 5.424851 3.0910397 0.2426876
5809.918 5.033283 4.9519763 3.1994765 0.23824759
5816.951 5.237249 5.032336 3.8821728 0.24966553
5823.985 5.613667 5.5358014 3.9244802 0.25491828
5831.018 4.927196 4.9621634 4.376351 0.25020972
5838.0513 5.0504556 4.8791585 8.383989 0.2933031
5845.085 5.7097235 5.585069 13.576564 0.34707934
5852.118 5.503759 5.4450326 11.749747 0.32807398
5859.1514 5.291694 5.122885 5.3607616 0.267305
5866.1846 4.5906825 4.6021233 3.921374 0.23832028
5873.2183 4.957563 4.9383173 4.071913 0.24748074
5880.2515 5.048626 5.1076236 3.9781106 0.24737021
5887.2847 5.083204 5.054218 4.2117634 0.25004506
5894.3184 4.757648 4.6971545 3.8798661 0.2416096
5901.3516 4.5959706 4.488338 3.7385516 0.23748374
5908.385 5.0937977 4.9056807 4.010688 0.24915549
5915.4185 5.137185 5.1123633 3.7000768 0.24482897
5922.4517 5.082184 5.042215 3.5651119 0.24186982
5929.485 4.6807346 4.5825233 3.7676673 0.23989457
5936.5186 4.805138 4.735734 3.6061535 0.23976435
5943.552 4.842581 4.7374473 3.4057028 0.2375543
5950.585 5.1281667 4.9896064 3.4208157 0.24216215
5957.618 4.785862 4.85869 3.349645 0.23412229
5964.652 4.3184676 4.2822914 3.3481822 0.22821131
5971.685 4.503532 4.5586348 3.0513186 0.2272542
5978.7183 4.8223643 4.7664795 3.0921772 0.23270923
5985.752 4.3696637 4.3721213 3.2159672 0.22811885
5992.785 4.612435 4.695974 3.0584066 0.22800921
5999.8184 5.013196 4.848737 2.9197366 0.23460042
6006.852 4.5266304 4.618822 2.8770945 0.22519426
6013.8853 4.981335 4.9039063 3.0532846 0.23495953
6020.9185 4.939808 4.8625865 2.950672 0.23289743
6027.952 5.0090175 4.92759 2.8250892 0.23301932
6034.9854 4.2537346 4.1685424 2.750024 0.21918482
6042.0186 4.777953 4.785453 2.909684 0.22967064
6049.052 5.1880116 5.172178 2.86493 0.23506518
6056.0854 4.5471764 4.6871 2.9346433 0.22502027
6063.1187 4.2600284 4.357739 2.936795 0.22112711
6070.152 4.918256 4.856529 2.7990434 0.23111142
6077.1855 4.913955 4.811494 2.6568427 0.22863667
6084.2188 4.8264227 4.7991686 2.8064108 0.2295388
6091.252 4.6304197 4.548505 3.1535432 0.23096985
6098.2856 4.900296 4.904971 3.152518 0.2346692
6105.319 5.3108625 5.1879044 2.9369948 0.23943052
6112.352 4.3713446 4.27715 2.7673073 0.2224866
6119.3857 4.6409125 4.5945272 2.9272318 0.22761473
6126.419 5.101168 4.964078 3.0003393 0.23692481
6133.452 5.168284 5.0520906 3.0363195 0.23781142
6140.4854 5.623773 5.4777555 2.972597 0.2443905
6147.519 5.1904316 5.083505 2.8291595 0.23509079
6154.5522 5.2343206 5.1600227 3.0125313 0.23828852
6161.5854 5.2531714 5.0594835 3.0975213 0.23994426
6168.619 5.048187 4.9497805 3.121665 0.23932743
6175.6523 4.9977064 4.9340196 3.0756555 0.23667122
6182.6855 5.2551117 5.181599 3.711471 0.246639
6189.719 5.11663 5.034874 4.467256 0.25389352
6196.7524 5.213726 5.049322 4.3003883 0.25329873
6203.7856 5.3772073 5.433389 3.7845805 0.24892122
6210.8193 5.368317 5.2959805 3.950909 0.251756
6217.8525 5.7269707 5.682026 4.3275657 0.26065993
6224.8857 5.5314717 5.464288 3.6681306 0.251175
6231.919 5.2622066 5.077908 3.4878836 0.24563748
6238.9526 5.3465877 5.3488846 3.1124914 0.24146293
6245.986 5.4225583 5.263053 6.8493905 0.28182644
6253.019 5.9720097 5.7987595 12.496306 0.34233972
6260.0527 6.183895 6.1138473 11.859567 0.3383747
6267.086 6.0959086 5.885884 6.329061 0.2866759
6274.119 6.3914332 6.2180715 3.0785506 0.25712043
6281.153 6.869504 6.7438602 3.8942637 0.27246088
6288.186 6.9485006 6.8017693 3.7432365 0.27213576
6295.219 6.719689 6.5325603 3.2555795 0.26341885
6302.253 6.87256 6.672176 3.0106828 0.26324922
6309.286 6.6734905 6.4991093 4.2174096 0.27400434
6316.3193 6.723015 6.571927 6.092058 0.29311243
6323.353 6.866744 6.5724483 5.4483986 0.28978053
6330.386 6.6341023 6.5650053 3.6188927 0.2664253
6337.4194 5.939492 6.1073446 3.0482962 0.24789712
6344.4526 6.585272 6.395779 3.1049395 0.2594494
6351.4863 5.61725 5.523061 2.7655087 0.24184294
6358.5195 5.9251804 5.8306355 2.4580195 0.24224572
6365.5527 5.944847 5.9245973 2.610349 0.24379921
6372.5864 5.2258835 5.1980753 2.7958062 0.23574252
6379.6196 5.523893 5.4286017 2.733833 0.24024501
6386.653 5.513297 5.4875536 2.5146935 0.23593913
6393.6865 5.141288 5.006341 2.5027847 0.231578
6400.7197 4.8260517 4.7185693 2.5437744 0.22624615
6407.753 5.447606 5.2450814 2.5759487 0.23772356
6414.7866 4.943006 4.7546883 3.2167997 0.2377718
6421.82 5.116576 5.0567746 3.7567687 0.24596532
6428.853 5.111377 4.97283 3.5221703 0.24403611
6435.886 4.8322916 4.724528 2.9508011 0.23331653
6442.92 4.8494735 4.795754 2.5430603 0.22608179
6449.953 4.5308137 4.499675 3.5049746 0.23348741
6456.9863 4.828551 4.724033 3.9979656 0.24493526
6464.02 4.8207293 4.6543727 3.3062527 0.23627742
6471.053 4.3282413 4.309347 2.816616 0.22201203
6478.0864 4.7160873 4.6514325 2.9885635 0.23062876
6485.12 4.7907057 4.69562 3.4104831 0.23732235
6492.1533 4.44891 4.3632035 3.7381022 0.23539683
6499.1865 4.211502 4.0924664 3.5166295 0.23061979
6506.22 4.331819 4.3831024 3.6257215 0.23218577
6513.2534 4.5909123 4.4846992 4.2274947 0.24369471
6520.2866 4.300319 4.152533 3.8696344 0.23630098
6527.32 4.1425714 4.28007 3.6712487 0.23002961
6534.3535 4.844104 4.8484883 3.5188398 0.23898277
6541.3867 4.6981306 4.5887623 2.8567505 0.22816484
6548.42 4.9101696 4.8713794 2.5699506 0.22777078
6555.4536 4.9104843 4.7790265 2.7735589 0.23161659
6562.487 4.5408835 4.436638 2.9364412 0.22719254
6569.52 4.655341 4.571929 2.6461954 0.2246685
6576.5537 4.221277 4.1075296 2.3758757 0.21567434
6583.587 4.517522 4.4705343 2.4743922 0.22128199
6590.62 4.524124 4.4842315 2.5880544 0.22157717
6597.654 4.183838 4.1376524 2.50618 0.21541128
6604.687 4.314842 4.200147 2.256356 0.21498638
6611.72 4.485361 4.3904724 2.2055151 0.21752983
6618.7534 4.7053733 4.658967 2.2955165 0.22102955
6625.787 4.1930137 4.1004314 2.3172054 0.21384698
6632.8203 4.2358246 4.153456 2.3573418 0.21528119
6639.8535 4.6661053 4.614921 2.358387 0.2236456
6646.887 4.7412643 4.6294947 2.2747495 0.22172074
6653.9204 4.884688 4.826072 2.3107576 0.22488047
6660.9536 4.298431 4.3857555 2.3780406 0.2151991
6667.9873 4.421404 4.2907033 2.2766232 0.21710378
6675.0205 4.295502 4.215268 2.3401265 0.21560003
6682.0537 4.132895 4.2177067 2.3161883 0.21288957
6689.0874 4.0155845 3.9188292 2.278398 0.20998113
6696.1206 4.492413 4.4263363 2.4335823 0.2194642
6703.154 4.3719234 4.260121 2.3879 0.21778628
6710.187 4.1210723 4.114983 2.2708716 0.21209295
6717.2207 4.165341 4.0643826 2.3220468 0.21324906
6724.254 4.4365215 4.356441 2.2563202 0.2158691
6731.287 4.1688867 4.0485826 2.2316875 0.21228962
6738.321 4.2449265 4.093172 2.3757067 0.2155369
6745.354 4.3283944 4.2730455 2.269426 0.21479292
6752.387 4.548495 4.5853972 2.21426 0.21707396
6759.421 4.3940053 4.327712 2.235918 0.21506457
6766.454 4.4044867 4.242285 2.1946237 0.21504062
6773.4873 4.470522 4.3505216 2.4447753 0.2207796
6780.521 4.211239 4.033488 4.1001887 0.23825683
6787.554 3.8671577 3.7350805 5.951318 0.2543806
6794.5874 4.328546 4.2916346 5.138916 0.25149748
6801.6206 4.2676435 4.159969 2.9489129 0.2234032
6808.6543 3.874084 3.8048556 2.8672786 0.21637681
6815.6875 4.1801414 4.170676 4.4594355 0.2418645
6822.7207 3.693665 3.6061153 5.2437124 0.24321194
6829.7544 3.2190888 3.1508858 3.9826167 0.21874699
6836.7876 3.246601 3.3500674 2.5547292 0.19963133
6843.821 3.5600607 3.6887662 3.0917888 0.2128808
6850.8545 3.614845 3.5471778 3.003301 0.21349391
6857.8877 3.686644 3.6127439 2.8553762 0.21234912
6864.921 4.085124 3.9616835 3.1867065 0.22389175
6871.9546 3.9264376 3.8634744 3.694701 0.22707184
6878.988 3.319378 3.3738015 4.2662115 0.22387837
6886.021 4.0224724 3.9755418 3.6474724 0.22835377
6893.054 3.6978598 3.6284623 3.1591485 0.21689285
6900.088 4.022165 3.919214 4.357785 0.23791923
6907.121 3.7333019 3.7080462 4.3609 0.23333408
6914.1543 3.7056339 3.651212 3.419861 0.22012982
6921.188 3.5653927 3.5354757 2.803129 0.2088691
6928.221 4.0096016 3.8279393 3.5792682 0.22832665
6935.2544 4.133669 4.093586 3.6995912 0.23081228
6942.288 3.836661 3.8045552 3.101981 0.21847032
6949.3213 3.9647093 4.0101714 2.4355414 0.21086253
6956.3545 3.8888488 3.8638656 2.4523034 0.21032573
6963.388 4.37548 4.3100886 2.836158 0.22350596
6970.4214 3.8211884 3.7358043 2.869237 0.21516809
6977.4546 3.5740225 3.4612334 2.439111 0.20520754
6984.488 3.646282 3.5772562 2.294101 0.20463715
6991.5215 3.8597035 3.7594633 2.3461442 0.20926984
6998.5547 4.1301293 3.980183 2.7011325 0.21794699
7005.588 4.2619896 4.238806 2.9671104 0.22288795
7012.6216 4.2643347 4.249008 2.7691073 0.22016895
7019.655 4.0248604 3.9042788 2.593744 0.21555889
7026.688 4.144602 4.062521 2.5476081 0.21727595
7033.7217 4.2567086 4.22456 2.6132321 0.2181328
7040.755 3.8753843 3.912395 2.7100577 0.21310319
7047.788 3.9191937 3.936797 2.650302 0.21399786
7054.822 4.034873 4.0531187 2.394945 0.21245722
7061.855 3.757027 3.8874235 2.2309563 0.20436898
7068.888 4.271407 4.185288 2.1898956 0.21318556
7075.9214 3.7785506 3.6418343 2.1854856 0.20568438
7082.955 4.2027993 4.0963125 2.3825395 0.21542394
7089.9883 4.2079644 4.2441607 2.4628227 0.2153392
7097.0215 3.7425966 3.6695633 2.7205887 0.21199927
7104.055 4.003763 3.9903076 2.7215593 0.21669008
7111.0884 3.9745302 3.9267335 2.5321038 0.212463
7118.1216 4.1993194 4.123848 2.4775803 0.21621089
7125.1553 4.075155 4.071549 2.5779622 0.2153785
7132.1885 4.028466 3.9798865 2.4839299 0.21369798
7139.2217 3.765692 3.6633754 2.4342551 0.20943858
7146.2554 3.9210954 3.862281 2.1963673 0.20795344
7153.2886 3.763093 3.7121959 2.1205342 0.20496733
7160.322 3.9152086 3.7858949 2.074473 0.20642947
7167.355 3.7716405 3.742314 2.009798 0.202815
7174.3887 3.926135 3.935152 2.220825 0.20713942
7181.422 4.003168 4.0250587 2.1370177 0.20713374
7188.455 3.7360418 3.675713 4.5940313 0.23675476
7195.489 3.7792 3.6891167 9.460395 0.29108518
7202.522 3.8567076 3.711906 10.921736 0.3073594
7209.555 3.8818667 3.6609702 6.9036155 0.26656395
7216.589 3.5620239 3.4130929 2.9747322 0.21494976
7223.622 3.6473916 3.5142446 4.638589 0.2352099
7230.6553 4.0968595 3.940874 9.172544 0.29421327
7237.689 3.9536128 3.854026 9.811661 0.29716223
7244.722 4.25262 4.219585 6.3794928 0.26486155
7251.7554 4.1991773 4.1195116 4.174827 0.23844896
7258.789 4.430803 4.395974 4.377862 0.24454094
7265.8223 3.383938 3.2700534 5.9870944 0.24865599
7272.8555 3.7555916 3.81459 7.1350307 0.26769477
7279.8887 4.3654194 4.27725 6.8884625 0.27269548
7286.9224 3.782306 3.6340356 4.9977045 0.24297673
7293.9556 3.6878767 3.4276712 8.524117 0.28417355
7300.989 3.9516218 4.0593514 8.019212 0.27879444
7308.0225 4.0331893 3.9812768 4.954962 0.24597907
7315.0557 3.9831264 3.9268517 4.6556053 0.24245854
7322.089 3.9715345 3.7904942 7.5639577 0.2754431
7329.1226 4.513476 4.4458404 6.844948 0.27489993
7336.156 3.5636473 3.4548657 3.6338546 0.22192344
7343.189 3.7887933 3.6717362 3.0589173 0.22014235
7350.2227 3.9474657 3.7767713 5.0167875 0.24653466
7357.256 3.6239533 3.483319 5.5495515 0.24760701
7364.289 4.1139574 4.019386 4.2329774 0.23998185
7371.3223 3.7391357 3.7587018 2.6329749 0.21040669
7378.356 3.4582953 3.463517 2.474885 0.20397352
7385.389 3.8132694 3.8065357 3.4155297 0.22385904
7392.4224 3.811779 3.8657377 3.82401 0.22777772
7399.456 4.082984 4.029873 3.3472652 0.22640836
7406.4893 3.8257906 3.8093522 2.4079804 0.20916015
7413.5225 3.280438 3.2860644 2.2892606 0.19813144
7420.556 3.7368865 3.6077347 3.2119257 0.21958296
7427.5894 4.1861744 4.0611467 4.3224754 0.24131218
7434.6226 4.118804 3.941801 5.0426106 0.25085098
7441.6562 3.4361126 3.3776162 4.216002 0.22941825
7448.6895 3.7956986 3.696423 3.0828722 0.21875167
7455.7227 3.7700233 3.664719 2.3356762 0.20851724
7462.756 3.4096959 3.3757083 2.1668904 0.19880004
7469.7896 3.3103528 3.249984 2.782731 0.2079962
7476.8228 3.027763 2.8388546 5.583981 0.2400389
7483.856 3.7400765 3.7427156 6.1598554 0.2566758
7490.8896 3.3102717 3.248053 3.9482975 0.22214672
7497.923 3.659252 3.5586412 2.5045786 0.20857951
7504.956 3.3617394 3.412396 2.544135 0.20288056
7511.9897 3.4710639 3.3584278 2.6723602 0.20800142
7519.023 3.134905 3.130123 3.617504 0.2158919
7526.056 3.5970635 3.6099558 4.498173 0.23489235
7533.09 3.6684976 3.5178473 4.375357 0.23506938
7540.123 3.262044 3.1103845 3.3026452 0.21349454
7547.1562 3.312097 3.1464224 2.8077557 0.20839562
7554.1895 2.1473296 1.99858 2.4801822 0.17811328
7561.223 0.9976343 1.0391102 1.7273855 0.13888879
7568.2563 1.1899643 1.2249762 1.8346069 0.14618836
7575.2896 1.8660607 1.7614826 2.5881782 0.1761057
7582.323 2.2238162 2.2365377 2.8570607 0.1861446
7589.3564 1.5897183 1.6828521 2.3595161 0.16382435
7596.3896 2.1455734 2.1497176 1.9449286 0.16927683
7603.4233 2.5826747 2.5209887 1.9746419 0.17990756
7610.4565 2.7254176 2.6604204 2.4384205 0.19156958
7617.4897 3.001842 2.8287272 2.7187781 0.20117666
7624.5234 3.1778247 3.2178154 2.335513 0.19611095
7631.5566 3.0146313 2.9545283 2.0601141 0.19009864
7638.59 2.8190825 2.861103 2.456152 0.1920026
7645.623 3.305824 3.1856217 2.8581786 0.20783593
7652.6567 3.4655576 3.277953 2.8301837 0.21107306
7659.69 3.0584402 2.9072008 4.766786 0.23198181
7666.723 3.2772443 3.1807628 10.7799635 0.30043158
7673.757 3.6278272 3.6353443 13.225885 0.32950193
7680.79 3.7762344 3.7419856 7.919581 0.2759892
7687.823 3.567791 3.3923657 3.7315774 0.22606114
7694.857 3.5520275 3.4204454 4.3124604 0.23365386
7701.89 3.4592671 3.4975126 8.17524 0.27653885
7708.9233 3.9162493 3.8601754 11.523444 0.31815085
7715.957 3.7855086 3.8081686 8.400164 0.2811425
7722.99 3.2021825 3.315528 4.3028336 0.2277023
7730.0234 3.5025754 3.3108191 4.2771697 0.23230505
7737.0566 3.1225374 2.9307876 5.0687017 0.23667563
7744.0903 2.9700437 2.8952367 7.0777607 0.25794992
7751.1235 3.6717856 3.4279747 7.9861846 0.27995494
7758.1567 3.502957 3.217615 6.779398 0.26304924
7765.1904 3.1527374 2.94318 5.2688594 0.23878638
7772.2236 3.2594376 2.98427 9.105347 0.28592092
7779.257 3.7170563 3.5668147 8.618018 0.285937
7786.2905 3.2597697 3.1335008 5.5174713 0.24421252
7793.3237 2.781104 2.7009647 4.2593584 0.22048809
7800.357 3.1658478 2.9225006 7.3923645 0.26591563
7807.3906 3.1993508 3.0401392 11.17403 0.30609113
7814.424 3.315341 3.1105492 11.566034 0.3111595
7821.457 3.5765135 3.3776119 8.627014 0.2842729
7828.49 2.9860644 2.886405 7.6672387 0.2657674
7835.524 3.5411131 3.5002832 7.619653 0.27225032
7842.557 3.6902478 3.5751364 7.402082 0.27260798
7849.5903 3.2167013 3.0926757 6.0750155 0.24912046
7856.624 3.0405414 2.9603407 4.53493 0.22806022
7863.657 3.1194365 3.033127 8.356668 0.27324912
7870.6904 3.0972598 3.001442 13.161257 0.32455042
7877.724 3.033908 2.946242 11.095822 0.30121607
7884.7573 3.2319038 3.1765096 6.6156273 0.2574479
7891.7905 2.902152 2.826243 4.5387464 0.22526957
7898.824 2.499347 2.3314211 3.8532867 0.20946677
7905.8574 2.9070513 2.6894336 4.2163596 0.22319385
7912.8906 2.972753 2.7917457 6.087085 0.2470321
7919.924 2.820906 2.809967 8.084135 0.2674651
7926.9575 3.3978643 3.4437356 8.027601 0.27429697
7933.9907 2.7388947 2.622034 5.1788874 0.23201227
7941.024 2.8122525 2.8539534 7.658246 0.2617947
7948.0576 2.8786042 2.7611227 8.729241 0.2755902
7955.091 3.088677 2.9527624 7.0201063 0.25905594
7962.124 2.5982716 2.5388298 3.9516702 0.21107979
7969.1577 2.7662442 2.634058 4.3219376 0.2212161
7976.191 2.3881562 2.2648914 7.125708 0.25167465
7983.224 2.437119 2.3442287 7.3048058 0.25426257
7990.258 2.2727969 2.1640127 4.0961986 0.20861867
7997.291 2.9873347 2.8366692 2.3421075 0.19613144
8004.324 3.2007067 3.0721395 3.052011 0.2090869
8011.3574 2.333628 2.3706086 4.206305 0.20989642
8018.391 2.6628458 2.6804953 4.45469 0.21926785
8025.4243 3.0121176 2.9658282 3.1137335 0.20675951
8032.4575 2.5793316 2.6391428 2.0305586 0.18150179
8039.491 2.510085 2.4684758 2.208773 0.18287598
8046.5244 2.580651 2.5870655 2.65658 0.19252537
8053.5576 2.5877085 2.6022098 3.0940528 0.19930595
8060.5913 2.7408965 2.5989668 2.8331897 0.1990084
8067.6245 2.603528 2.5751195 2.1050181 0.18310079
8074.6577 2.5682964 2.5233023 1.7986794 0.17882816
8081.6914 2.6070867 2.5168467 1.8796875 0.1794418
8088.7246 2.131129 2.025263 2.166873 0.17520764
8095.758 2.4553597 2.431105 2.3454711 0.1842326
8102.791 2.515911 2.4288921 2.2306178 0.18401702
8109.8247 2.3134086 2.364523 1.884876 0.17242983
8116.858 2.4158735 2.4747589 1.6594614 0.17252684
8123.891 2.4518065 2.3724298 1.6552827 0.17275243
8130.925 2.5396495 2.5264037 1.6256127 0.17341147
8137.958 2.7050648 2.7425392 1.7412478 0.17906456
8144.991 2.49477 2.4349847 1.9143864 0.17847098
8152.025 2.0721567 2.0047734 1.9891996 0.17242242
8159.058 2.0719974 2.068827 1.8589772 0.16798596
8166.0913 2.1834478 2.1506758 1.644365 0.1656946
8173.125 2.0687647 1.9831239 1.6482848 0.16471523
8180.158 2.2861311 2.2599304 1.5326762 0.16632915
8187.1914 2.23528 2.2483215 1.5702474 0.16900706
8194.225 1.9504355 1.9364089 1.612377 0.16105108
8201.258 2.2151363 2.3341386 1.8003129 0.16874844
8208.292 2.5461257 2.515178 1.7878906 0.1773566
8215.325 2.1368248 2.2108948 1.6959809 0.16676658
8222.358 2.477881 2.3928738 2.0108106 0.17965852
8229.392 2.2663722 2.4235735 4.9721794 0.22029734
8236.425 2.2028933 2.147041 9.451926 0.27509424
8243.458 2.1700857 1.897507 12.077152 0.30426487
8250.491 2.228855 2.1226873 10.984579 0.29289106
8257.525 2.3903909 2.4529314 8.695574 0.2687504
8264.559 2.3585513 2.361934 5.0992765 0.22332108
8271.592 2.2984412 2.2554946 2.6891649 0.18909153
8278.625 2.2248785 2.1598923 1.770943 0.16942689
8285.658 2.2051585 2.1914723 2.9867444 0.18971296
8292.691 2.2016273 2.243059 10.112898 0.28053698
8299.726 2.1972737 2.1825159 17.055246 0.34933612
8306.759 2.366309 2.404741 14.333521 0.3243852
8313.792 2.2489507 2.187333 6.198265 0.23801127
8320.825 2.2097554 2.1905348 3.567158 0.1989802
8327.858 1.8845139 1.8706919 3.6819444 0.19534662
8334.892 2.1383758 1.9944358 4.6093106 0.21621352
8341.925 2.0762777 1.853685 5.3853464 0.2263976
8348.959 2.621953 2.6887739 9.793818 0.28372893
8355.992 1.629689 1.6817491 10.437961 0.2785886
8363.025 2.180674 2.1387198 7.2020955 0.24885827
8370.059 2.3800337 2.2081065 5.2981834 0.22948559
8377.092 2.359641 2.4190152 9.731729 0.27880058
8384.125 2.55652 2.6285357 12.523564 0.31293955
8391.159 2.253725 2.0513444 8.046261 0.2598874
8398.192 2.2270167 2.2055504 4.060567 0.21045013
8405.226 2.5774426 2.7437606 4.6119075 0.2204365
8412.259 2.445513 2.4932857 7.423048 0.25475296
8419.292 2.2420394 2.1723104 9.352402 0.27600828
8426.325 2.1833599 1.9944668 6.2897606 0.23684748
8433.358 2.0145988 1.9682577 2.1950254 0.17470405
8440.393 2.3444755 2.3918777 2.5593312 0.1845648
8447.426 2.6131546 2.622578 4.0484796 0.21310753
8454.459 2.2898726 2.2698069 6.358418 0.23993278
8461.492 2.0576205 1.9872999 5.290632 0.22255164
8468.525 1.8424045 1.7320257 2.875488 0.18161823
8475.559 1.7429402 1.7854195 1.5600814 0.15514186
8482.593 1.9455162 1.9673069 1.6966567 0.16202784
8489.626 2.2933493 2.1883194 2.2481375 0.18088515
8496.659 2.005588 1.9811014 3.429724 0.193653
8503.692 1.627947 1.5957048 3.4416587 0.18653713
8510.726 1.9971194 1.9423906 2.3262131 0.17440476
8517.759 2.0068355 2.035408 1.6017188 0.16209556
8524.792 1.7621675 1.8017781 1.4681343 0.15481883
8531.826 2.1386914 2.102703 1.5612466 0.16394079
8538.859 2.2873163 2.1771147 1.9655813 0.1766032
8545.893 1.931453 1.817903 2.4079254 0.17701612
8552.926 1.768701 1.723968 2.2582867 0.16871294
8559.959 1.8005017 1.7815105 2.3068278 0.17066176
8566.992 1.8396416 1.8728634 4.046214 0.19961205
8574.026 1.6715263 1.786009 7.3029914 0.24024701
8581.06 2.360151 2.514656 9.677615 0.2784869
8588.093 2.140617 2.1109 8.96074 0.2695329
8595.126 1.3555377 1.3835572 6.587214 0.22752431
8602.159 1.8333178 1.8279223 7.3639708 0.2449395
8609.192 2.0296748 2.081383 9.555511 0.27361962
8616.226 1.9385016 1.8522815 9.618618 0.27380762
8623.26 2.006502 1.9098152 7.889158 0.25453228
8630.293 1.7439181 1.7329881 5.6078343 0.22096987
8637.326 1.80066 1.8227441 3.6987798 0.1931553
8644.359 2.1530907 2.1397362 2.6578758 0.1834069
8651.393 1.74458 1.7988473 2.193473 0.16690357
8658.426 1.4846617 1.5201569 1.9538727 0.15597865
8665.46 1.9118607 1.8114672 1.7286905 0.1628868
8672.493 1.6406153 1.6312499 1.5059363 0.1518225
8679.526 1.5301185 1.4667457 1.4436421 0.14767365
8686.56 2.1703272 2.2827215 1.3611147 0.15940766
8693.593 1.8260033 1.834538 1.4638937 0.1554728
8700.626 1.5746834 1.5491983 2.3014157 0.16599199
8707.659 1.699049 1.7273365 6.9021387 0.23645768
8714.693 2.2974324 2.0833826 13.523618 0.31818274
8721.727 2.2529902 2.3465748 16.170628 0.34097874
8728.76 1.9449176 2.0407808 13.92655 0.31557435
8735.793 1.9472805 1.8680297 9.951077 0.27661505
8742.826 2.1321318 2.0102062 5.410696 0.2245867
8749.859 1.780664 1.7706133 2.9366033 0.18163534
8756.894 1.6316576 1.7180645 2.0506275 0.15908705
8763.927 1.5597787 1.6330743 1.7085365 0.15804021
8770.96 1.3686398 1.4377434 8.418039 0.24395254
8777.993 1.6598526 1.6457769 19.241648 0.36315712
8785.026 1.8830937 1.83695 19.227392 0.3610424
8792.06 1.6998321 1.7240043 10.540602 0.27931678
8799.094 1.223039 1.092518 5.2407837 0.20729516
8806.127 1.290573 1.3571963 3.3508277 0.177614
8813.16 1.7865943 1.7285725 4.377686 0.20280828
8820.193 1.6019477 1.48719 5.448512 0.21752506
8827.227 1.2637656 1.1499177 6.0387974 0.21894877
8834.26 1.7148284 1.6347405 10.953345 0.2829956
8841.293 1.4645814 1.3993089 11.737618 0.2894083
8848.327 1.4310366 1.4480301 8.066094 0.24677649
8855.36 1.2495229 1.2495922 5.947101 0.21725734
8862.394 1.6940681 1.6830701 9.117713 0.2610336
8869.427 1.3917742 1.3774925 13.209746 0.3028553
8876.46 1.1237993 1.1929007 11.269171 0.2776077
8883.493 1.3692304 1.550361 5.6303525 0.21100011
8890.527 0.98257643 1.0543919 3.8039012 0.17816335
8897.561 1.1731163 1.1795294 6.333367 0.21868104
8904.594 1.6836495 1.7060122 9.002729 0.26173392
8911.627 1.5233351 1.3860462 9.2612 0.26355755
8918.66 1.3826941 1.378961 5.698036 0.21369554
8925.693 1.1024437 1.1873909 1.887513 0.14649323
8932.727 1.1099963 1.2911888 2.8489542 0.16212471
8939.761 1.0260795 1.0941747 4.112522 0.1851032
8946.794 1.0336629 1.0233945 6.093411 0.21324523
8953.827 1.3749255 1.4481897 5.708978 0.2132147
8960.86 1.3329425 1.4219558 3.4584506 0.17730577
8967.894 1.0536776 1.0955838 1.5658655 0.13720363
8974.927 0.98191035 1.0634853 1.3396187 0.1300422
8981.961 0.92311996 1.0169429 1.8945068 0.1396332
8988.994 1.0266509 0.9253162 2.802339 0.16246264
8996.027 1.3026259 1.313353 3.6893408 0.18365228
9003.061 1.1876518 1.3715441 3.45472 0.1735324
9010.094 0.95036185 0.96182674 2.1975474 0.14762104
9017.127 1.1039916 1.1599336 1.3549474 0.1349664
9024.16 1.1886393 1.2781098 1.367104 0.13468534
9031.194 0.99984664 1.0990391 1.2803671 0.12790164
9038.228 0.7923202 1.130849 1.49741 0.124533996
9045.261 0.96691203 1.0287931 2.082093 0.14445965
9052.294 0.83670604 0.95875657 2.4374292 0.1477624
9059.327 0.9747705 1.0207101 1.7227368 0.13813236
9066.36 1.1196307 1.1812387 1.0694615 0.12580867
9073.395 0.82095355 0.9197101 1.0144593 0.11752624
9080.428 1.0400211 1.0334041 1.0288795 0.1254835
9087.461 0.8392957 0.95964205 1.0659844 0.11749399
9094.494 0.99953127 1.0771631 1.2503583 0.12629895
9101.527 1.1850187 1.1726658 1.6966615 0.14306843
9108.561 0.8724275 0.9235511 1.8412921 0.13707198
9115.594 1.1271461 1.2125257 1.4170567 0.13356292
9122.628 1.2829454 1.3126311 0.9871218 0.12798376
9129.661 0.9904928 1.0123901 0.89196724 0.11898116
9136.694 1.086544 1.1983017 1.025094 0.12481636
9143.728 0.9920183 1.1139219 1.0412045 0.121548295
9150.761 1.2035073 1.3329406 0.9313052 0.12485037
9157.794 0.9116902 0.9600421 1.1571062 0.12154496
9164.828 0.8148258 0.91727227 1.4188591 0.12480394
9171.861 0.8777393 1.011876 1.5649494 0.12846866
9178.895 0.9414385 0.97545 1.3444096 0.12740684
9185.928 0.8568114 0.9774942 0.96855384 0.11571389
9192.961 0.8492538 1.1517826 0.9933411 0.11357766
9199.994 0.4546649 0.6345137 1.2335081 0.10803562
9207.027 0.6965275 0.72404945 1.1147912 0.113555916
9214.062 1.0507206 0.9989416 0.8885398 0.12076572
9221.095 1.0520809 1.2063146 0.85800004 0.118965365
9228.128 0.76771146 0.92074454 1.0934255 0.11536661
9235.161 0.7849658 0.85141385 1.3475733 0.121336386
9242.194 0.84364766 0.90832543 2.3718572 0.14827578
9249.228 0.53900534 0.44963136 6.9706583 0.21369024
9256.262 0.60386556 0.4712197 13.314411 0.2875777
9263.295 0.92012715 0.7573203 14.770296 0.30467635
9270.328 1.1418852 1.1227913 11.345442 0.27372012
9277.361 0.79101866 0.9289405 6.7805552 0.21236464
9284.395 0.43486696 0.56338936 3.640788 0.15814136
9291.428 0.63295585 0.7261397 2.6246567 0.14496104
9298.461 0.57307214 0.63063765 1.6804551 0.12362187
9305.495 0.41544688 0.5538223 1.8435984 0.12073788
9312.528 0.57713574 0.8162866 6.473259 0.20328544
9319.562 0.29862952 0.30617502 14.055121 0.28740057
9326.595 0.47709313 0.40461916 13.183191 0.28430754
9333.628 0.54929477 0.77102417 5.1922674 0.18262278
9340.661 0.638821 0.6857171 2.3939617 0.1444863
9347.695 0.43510357 0.39029133 2.9201493 0.14748259
9354.729 0.579127 0.6981275 2.9917622 0.15159957
9361.762 0.74568474 0.8334497 3.6358397 0.16477804
9368.795 0.4476791 0.5057713 3.7640436 0.16119927
9375.828 0.36215416 0.5294933 5.5338616 0.18467443
9382.861 0.429134 0.4740401 8.806782 0.23229514
9389.895 0.88699883 0.82515 7.715031 0.22604038
9396.929 1.1079113 1.340149 4.8565726 0.19117813
9403.962 0.5236457 0.4221403 4.773848 0.18053664
9410.995 0.45911863 0.3138518 5.3073335 0.18612812
9418.028 0.4966196 0.5420893 8.279363 0.22522761
9425.062 0.78333336 0.75094306 7.3364615 0.2188635
