3560   1.619e-12   40.00    8940.5
3640   1.609e-12   40.00    21103.6
3680   1.612e-12   40.00    30707.2
3720   1.634e-12   40.00    42214.5
3760   1.763e-12   40.00    56931.0
3800   2.004e-12   40.00    80686.6
3840   2.012e-12   40.00    98786.7
3880   2.039e-12   40.00    121366.2
3920   2.107e-12   40.00    140972.2
3960   2.012e-12   40.00    147328.7
3980   1.996e-12   40.00    157202.0
4000   2.319e-12   40.00    191213.0
4020   2.350e-12   40.00    209112.5
4060   2.308e-12   40.00    227328.9
4100   2.091e-12   40.00    218184.8
4140   2.363e-12   40.00    262882.0
4200   2.347e-12   40.00    292854.8
4240   2.314e-12   40.00    307994.4
4260   2.284e-12   40.00    314156.0
4300   2.131e-12   40.00    317449.7
4340   1.927e-12   40.00    297051.4
4380   2.211e-12   40.00    352317.5
4400   2.244e-12   40.00    360186.7
4560   2.183e-12   40.00    405796.2
4760   2.094e-12   40.00    435372.7
4800   2.060e-12   40.00    438015.6
4820   2.046e-12   40.00    439522.6
4900   1.989e-12   40.00    442703.8
4920   1.991e-12   40.00    450338.1
4960   2.003e-12   40.00    456416.2
5000   1.986e-12   40.00    458103.6
5120   1.927e-12   40.00    463145.7
5240   1.869e-12   40.00    465262.3
5400   1.801e-12   40.00    468904.3
5560   1.737e-12   40.00    456455.0
5760   1.662e-12   40.00    429083.1
6020   1.571e-12   40.00    410888.6
6420   1.418e-12   40.00    368969.5
6460   1.404e-12   40.00    364425.7
6500   1.378e-12   40.00    359232.7
6540   1.280e-12   40.00    350558.9
6560   1.195e-12   40.00    315633.0
6620   1.331e-12   40.00    348367.9
6660   1.327e-12   40.00    344650.2
6700   1.316e-12   40.00    339765.3
6740   1.302e-12   40.00    337528.4
6780   1.300e-12   40.00    334558.5
7100   1.204e-12   40.00    304852.1
7460   1.098e-12   40.00    271892.6
7780   1.012e-12   40.00    233763.9
8100   9.429e-13   40.00    195763.5
8380   8.818e-13   40.00    160550.1
8780   8.003e-13   40.00    122603.3
9300   7.107e-13   40.00    64236.9
